0 0.09525862068965517 0.058333333333333334 0.061206896551724135 0.061111111111111116
2 0.030172413793103446 0.1851851851851852 0.029310344827586206 0.05185185185185186
2 0.15560344827586206 0.2837962962962963 0.07155172413793104 0.13055555555555556
2 0.19288793103448276 0.28564814814814815 0.028879310344827585 0.09351851851851853
2 0.2189655172413793 0.3138888888888889 0.08879310344827586 0.07407407407407407
2 0.22650862068965516 0.27546296296296297 0.028017241379310345 0.04722222222222222
0 0.21487068965517242 0.4981481481481482 0.12629310344827585 0.11296296296296297
0 0.38857758620689653 0.2523148148148148 0.08836206896551724 0.09907407407407408
3 0.2939655172413793 0.7458333333333333 0.025 0.0638888888888889
2 0.33599137931034484 0.7097222222222223 0.060775862068965514 0.10462962962962963
0 0.4237068965517241 0.8050925925925926 0.16551724137931034 0.1712962962962963
0 0.46077586206896554 0.9550925925925926 0.09482758620689655 0.08796296296296297
2 0.6648706896551724 0.675 0.04181034482758621 0.13703703703703704
2 0.6780172413793103 0.774537037037037 0.027586206896551724 0.11203703703703705
0 0.9678879310344828 0.6912037037037038 0.06336206896551724 0.10648148148148148