0 0.27413793103448275 0.23101851851851854 0.08448275862068966 0.1175925925925926
2 0.12306034482758621 0.2050925925925926 0.07887931034482759 0.07685185185185185
2 0.052801724137931036 0.33842592592592596 0.06336206896551724 0.08611111111111111
2 0.08900862068965518 0.2916666666666667 0.028017241379310345 0.04259259259259259
2 0.10043103448275861 0.32592592592592595 0.08448275862068966 0.10925925925925926
0 0.10948275862068965 0.5504629629629629 0.12844827586206897 0.12685185185185185
3 0.22456896551724137 0.75 0.02672413793103448 0.0462962962962963
2 0.27176724137931035 0.6819444444444445 0.0625 0.10648148148148148
0 0.33857758620689654 0.8018518518518519 0.1521551724137931 0.11111111111111112
2 0.593103448275862 0.6231481481481481 0.0396551724137931 0.053703703703703705
2 0.6131465517241379 0.7347222222222223 0.027155172413793102 0.04351851851851852
0 0.9133620689655172 0.6152777777777778 0.11982758620689656 0.125