0 0.20650000000000002 0.37033333333333335 0.065 0.051333333333333335
2 0.16325 0.493 0.0285 0.028
2 0.382 0.5195 0.10400000000000001 0.039
2 0.471125 0.5448333333333333 0.03725 0.095
2 0.4395 0.5911666666666666 0.029500000000000002 0.034999999999999996
2 0.427375 0.6511666666666667 0.02425 0.023666666666666666
2 0.451375 0.6486666666666666 0.04025 0.08533333333333333
0 0.64475 0.5043333333333333 0.0775 0.09999999999999999
2 0.8093750000000001 0.9551666666666666 0.08175 0.089
3 0.7498750000000001 0.9385 0.03725 0.050333333333333334
0 0.611 0.7979999999999999 0.084 0.06466666666666666