0 0.4793103448275862 0.9148148148148149 0.13706896551724138 0.1685185185185185
2 0.46012931034482757 0.7837962962962963 0.05991379310344828 0.17314814814814816
3 0.41831896551724135 0.7476851851851852 0.03146551724137931 0.07685185185185185
0 0.4980603448275862 0.33611111111111114 0.07887931034482759 0.1
2 0.3448275862068966 0.2523148148148148 0.08017241379310344 0.07314814814814816
2 0.36745689655172414 0.3490740740740741 0.07198275862068966 0.08148148148148149
2 0.315948275862069 0.37222222222222223 0.02586206896551724 0.0462962962962963
2 0.29288793103448274 0.4078703703703704 0.029741379310344828 0.08425925925925926
0 0.2584051724137931 0.10185185185185186 0.05646551724137931 0.05555555555555556
2 0.17047413793103447 0.2212962962962963 0.027155172413793102 0.04814814814814815
0 0.3446120689655172 0.5949074074074074 0.11853448275862069 0.06759259259259259
2 0.8025862068965517 0.9837962962962963 0.030172413793103446 0.030555555555555558
2 0.8170258620689655 0.9597222222222223 0.04267241379310345 0.0787037037037037