0 0.12413793103448276 0.2657407407407408 0.054310344827586204 0.05555555555555556
2 0.06034482758620689 0.375 0.02413793103448276 0.031481481481481485
2 0.17413793103448275 0.4013888888888889 0.08189655172413793 0.09907407407407408
2 0.25862068965517243 0.46944444444444444 0.025 0.03888888888888889
2 0.21508620689655172 0.4777777777777778 0.020689655172413793 0.08518518518518518
2 0.24741379310344827 0.5115740740740741 0.0853448275862069 0.0638888888888889
0 0.2435344827586207 0.7166666666666667 0.10086206896551723 0.08518518518518518
0 0.41465517241379307 0.45787037037037037 0.08189655172413793 0.09907407407407408
2 0.371551724137931 0.9328703703703705 0.061206896551724135 0.11203703703703705
0 0.45969827586206896 0.9777777777777779 0.12198275862068965 0.04259259259259259
2 0.7030172413793103 0.8657407407407408 0.04051724137931034 0.05185185185185186
2 0.7109913793103448 0.9787037037037037 0.028879310344827585 0.040740740740740744
0 0.972198275862069 0.8625 0.054741379310344826 0.10092592592592593