0 0.08081896551724138 0.09074074074074075 0.05129310344827586 0.05925925925925926
2 0.19504310344827586 0.20833333333333334 0.032327586206896554 0.10555555555555556
2 0.1954741379310345 0.2916666666666667 0.02456896551724138 0.040740740740740744
2 0.19913793103448277 0.325 0.07844827586206897 0.08518518518518518
0 0.3668103448275862 0.25416666666666665 0.08103448275862069 0.10277777777777779
2 0.09568965517241379 0.4 0.054310344827586204 0.05555555555555556
0 0.20905172413793102 0.5402777777777777 0.12068965517241378 0.11203703703703705
3 0.30754310344827585 0.7685185185185186 0.030603448275862068 0.06296296296296297
2 0.3568965517241379 0.6972222222222223 0.06034482758620689 0.1
0 0.42974137931034484 0.8245370370370371 0.14741379310344827 0.12314814814814816
2 0.6605603448275862 0.6782407407407408 0.03836206896551724 0.05092592592592593
2 0.6747844827586207 0.775 0.027155172413793102 0.044444444444444446
0 0.9596982758620689 0.6560185185185186 0.07974137931034482 0.14166666666666666