0 0.2545258620689655 0.11018518518518519 0.05301724137931035 0.05555555555555556
2 0.1668103448275862 0.2175925925925926 0.022413793103448276 0.02777777777777778
2 0.3314655172413793 0.2476851851851852 0.07844827586206897 0.062037037037037036
0 0.4939655172413793 0.3402777777777778 0.07844827586206897 0.09722222222222222
2 0.3627155172413793 0.35185185185185186 0.06422413793103449 0.08148148148148149
2 0.3107758620689655 0.3740740740740741 0.023275862068965515 0.040740740740740744
2 0.28922413793103446 0.41203703703703703 0.02586206896551724 0.08333333333333334
0 0.3426724137931034 0.5981481481481482 0.11637931034482758 0.06666666666666667
2 0.7989224137931035 0.9777777777777779 0.028017241379310345 0.04259259259259259
2 0.8135775862068966 0.9462962962962963 0.03836206896551724 0.07037037037037037
3 0.41530172413793104 0.7486111111111111 0.028879310344827585 0.06944444444444445
2 0.45775862068965517 0.7481481481481482 0.05603448275862069 0.1
0 0.47737068965517243 0.9171296296296296 0.13836206896551723 0.1638888888888889