0 0.1211206896551724 0.28564814814814815 0.061206896551724135 0.062037037037037036
2 0.05797413793103448 0.4083333333333333 0.028017241379310345 0.04814814814814815
2 0.18318965517241378 0.41481481481481486 0.07413793103448275 0.10185185185185186
2 0.14612068965517241 0.4814814814814815 0.06206896551724138 0.06666666666666667
2 0.25560344827586207 0.4912037037037037 0.02586206896551724 0.04537037037037037
2 0.24375 0.5310185185185186 0.0875 0.06944444444444445
0 0.2418103448275862 0.7361111111111112 0.10948275862068965 0.0962962962962963
0 0.41336206896551725 0.4726851851851852 0.08275862068965517 0.10462962962962963
2 0.6997844827586207 0.9217592592592593 0.047844827586206895 0.1287037037037037
0 0.9629310344827586 0.837037037037037 0.07327586206896551 0.1
2 0.3734913793103448 0.9421296296296297 0.06594827586206896 0.11388888888888889
0 0.44461206896551725 0.9851851851851853 0.08491379310344828 0.02777777777777778