0 0.9456896551724138 0.5523148148148148 0.10775862068965517 0.14537037037037037
2 0.6368534482758621 0.5935185185185186 0.026293103448275863 0.044444444444444446
2 0.6193965517241379 0.4861111111111111 0.0353448275862069 0.053703703703703705
0 0.3853448275862069 0.6550925925925927 0.1543103448275862 0.125
3 0.24051724137931035 0.6037037037037037 0.021551724137931036 0.04259259259259259
2 0.28599137931034485 0.5787037037037037 0.0625 0.10370370370370371
0 0.33814655172413793 0.1050925925925926 0.08922413793103448 0.10092592592592593
2 0.08685344827586207 0.1476851851851852 0.07198275862068966 0.13796296296296298
2 0.16939655172413792 0.17083333333333334 0.07327586206896551 0.0638888888888889
2 0.1644396551724138 0.1328703703703704 0.027155172413793102 0.03981481481481482
2 0.12413793103448276 0.15092592592592594 0.03879310344827586 0.0962962962962963
0 0.15969827586206897 0.3648148148148148 0.1331896551724138 0.11296296296296297