0 0.27456896551724136 0.18888888888888888 0.08275862068965517 0.11851851851851852
2 0.12198275862068965 0.18055555555555555 0.0793103448275862 0.07592592592592592
2 0.03405172413793103 0.27592592592592596 0.06810344827586207 0.05925925925925926
2 0.0898706896551724 0.25324074074074077 0.028017241379310345 0.04537037037037037
2 0.1021551724137931 0.2847222222222222 0.07672413793103448 0.11018518518518519
0 0.11422413793103448 0.512962962962963 0.13275862068965516 0.13518518518518519
3 0.24073275862068966 0.701388888888889 0.028879310344827585 0.06944444444444445
2 0.2793103448275862 0.6291666666666667 0.06551724137931034 0.11018518518518519
0 0.3433189655172414 0.75 0.15301724137931033 0.10740740740740741
0 0.913146551724138 0.5486111111111112 0.11336206896551725 0.12314814814814816
2 0.6191810344827586 0.5787037037037037 0.039224137931034485 0.05185185185185186
2 0.6349137931034483 0.7018518518518518 0.02586206896551724 0.04814814814814815