2 0.48557692307692313 0.7932692307692308 0.40384615384615385 0.2980769230769231
2 0.7307692307692308 0.6490384615384616 0.1875 0.19711538461538464
2 0.8798076923076924 0.7596153846153847 0.2355769230769231 0.32211538461538464
2 0.1201923076923077 0.3762019230769231 0.2403846153846154 0.2043269230769231
2 0.3581730769230769 0.4134615384615385 0.07211538461538462 0.09134615384615385
2 0.6899038461538461 0.3605769230769231 0.15384615384615385 0.08653846153846154
2 0.8846153846153847 0.4987980769230769 0.13461538461538464 0.07451923076923077
2 0.9411057692307693 0.5384615384615385 0.10336538461538462 0.04326923076923077
2 0.8629807692307693 0.3509615384615385 0.15384615384615385 0.0625
2 0.701923076923077 0.265625 0.08173076923076923 0.040865384615384616
2 0.7596153846153847 0.31490384615384615 0.12980769230769232 0.04326923076923077
2 0.4014423076923077 0.23197115384615385 0.10576923076923078 0.05528846153846154