1 0.19591346153846154 0.3629807692307693 0.29086538461538464 0.08653846153846154
1 0.16947115384615385 0.59375 0.2043269230769231 0.15865384615384617
1 0.5564903846153847 0.4807692307692308 0.46875 0.1778846153846154
1 0.7223557692307693 0.27043269230769235 0.15625 0.18028846153846154
1 0.6826923076923077 0.15504807692307693 0.21634615384615385 0.12259615384615385
1 0.8677884615384616 0.6225961538461539 0.21153846153846156 0.28365384615384615
1 0.9146634615384616 0.7944711538461539 0.16586538461538464 0.18509615384615385
1 0.7944711538461539 0.78125 0.16586538461538464 0.07211538461538462
1 0.71875 0.8088942307692308 0.21634615384615385 0.18509615384615385
1 0.6850961538461539 0.858173076923077 0.15384615384615385 0.13942307692307693
1 0.5540865384615385 0.8846153846153847 0.17548076923076925 0.10096153846153846
1 0.8161057692307693 0.9555288461538463 0.25240384615384615 0.08413461538461539
1 0.4951923076923077 0.3858173076923077 0.10576923076923078 0.13221153846153846
1 0.5180288461538461 0.6935096153846154 0.16586538461538464 0.14182692307692307