1 0.5637019230769231 0.6430288461538461 0.1514423076923077 0.0889423076923077
1 0.7632211538461539 0.6526442307692308 0.1514423076923077 0.04567307692307693
1 0.8954326923076924 0.6502403846153847 0.15625 0.05048076923076923
1 0.7764423076923077 0.6033653846153847 0.19711538461538464 0.05288461538461539
1 0.4026442307692308 0.7680288461538461 0.16586538461538464 0.13221153846153846
1 0.14302884615384617 0.8149038461538461 0.28605769230769235 0.08173076923076923
1 0.12860576923076925 0.8641826923076924 0.17548076923076925 0.06490384615384616
1 0.2403846153846154 0.640625 0.2403846153846154 0.07932692307692309
1 0.2920673076923077 0.6418269230769231 0.18028846153846154 0.04326923076923077
1 0.8762019230769231 0.8076923076923077 0.16105769230769232 0.15865384615384617
1 0.6766826923076923 0.7752403846153847 0.0889423076923077 0.11298076923076923
1 0.3942307692307693 0.6995192307692308 0.057692307692307696 0.07692307692307693
1 0.23076923076923078 0.7403846153846154 0.14903846153846154 0.04326923076923077