1 0.578125 0.5901442307692308 0.46875 0.09375
1 0.7367788461538461 0.8173076923076924 0.5216346153846154 0.15384615384615385
1 0.12620192307692307 0.8774038461538463 0.24278846153846156 0.2403846153846154
1 0.34615384615384615 0.8966346153846154 0.2451923076923077 0.20192307692307693
1 0.15024038461538464 0.4026442307692308 0.3004807692307693 0.12259615384615385
1 0.7211538461538461 0.44230769230769235 0.3509615384615385 0.08173076923076923
1 0.8413461538461539 0.5348557692307693 0.3125 0.07451923076923077
1 0.7872596153846154 0.2692307692307693 0.25240384615384615 0.0625
1 0.6850961538461539 0.20673076923076925 0.21634615384615385 0.04326923076923077
1 0.5961538461538461 0.16466346153846154 0.25961538461538464 0.05528846153846154
1 0.14423076923076925 0.11538461538461539 0.20673076923076925 0.04807692307692308
1 0.16826923076923078 0.1670673076923077 0.22115384615384617 0.04567307692307693
1 0.12740384615384617 0.20192307692307693 0.25480769230769235 0.04807692307692308
1 0.39543269230769235 0.43149038461538464 0.2716346153846154 0.06009615384615385