1 0.37259615384615385 0.4903846153846154 0.10096153846153846 0.3125
1 0.3088942307692308 0.5444711538461539 0.0889423076923077 0.13701923076923078
1 0.29086538461538464 0.6189903846153847 0.2451923076923077 0.1514423076923077
1 0.16466346153846154 0.6382211538461539 0.1514423076923077 0.12259615384615385
1 0.42307692307692313 0.32572115384615385 0.22115384615384617 0.09855769230769232
1 0.6382211538461539 0.2572115384615385 0.2139423076923077 0.13942307692307693
1 0.5204326923076923 0.4483173076923077 0.09375 0.16105769230769232
1 0.5 0.5901442307692308 0.16346153846153846 0.13221153846153846
1 0.609375 0.5673076923076923 0.21875 0.09615384615384616
1 0.545673076923077 0.6778846153846154 0.19711538461538464 0.08173076923076923
1 0.3942307692307693 0.7079326923076924 0.23076923076923078 0.07932692307692309
1 0.21875 0.484375 0.2451923076923077 0.19951923076923078
1 0.11899038461538462 0.6790865384615385 0.1466346153846154 0.0889423076923077