1 0.11057692307692309 0.6201923076923077 0.12980769230769232 0.06730769230769232
1 0.06370192307692309 0.6730769230769231 0.06971153846153846 0.11538461538461539
1 0.3197115384615385 0.7944711538461539 0.12980769230769232 0.07451923076923077
1 0.17908653846153846 0.6899038461538461 0.06490384615384616 0.10576923076923078
1 0.8137019230769231 0.20072115384615385 0.05048076923076923 0.06971153846153846
1 0.46875 0.1622596153846154 0.038461538461538464 0.06490384615384616
1 0.2848557692307693 0.15384615384615385 0.05048076923076923 0.038461538461538464
1 0.21033653846153846 0.2848557692307693 0.04567307692307693 0.0889423076923077
1 0.6466346153846154 0.06971153846153846 0.08173076923076923 0.02403846153846154
1 0.7283653846153847 0.06490384615384616 0.06730769230769232 0.019230769230769232
1 0.6899038461538461 0.12980769230769232 0.08173076923076923 0.057692307692307696
1 0.44711538461538464 0.07091346153846154 0.07211538461538462 0.026442307692307696
1 0.47836538461538464 0.1045673076923077 0.038461538461538464 0.05048076923076923
1 0.9170673076923077 0.17307692307692307 0.040865384615384616 0.08173076923076923
1 0.8497596153846154 0.0733173076923077 0.026442307692307696 0.05528846153846154
1 0.9735576923076924 0.19110576923076925 0.04807692307692308 0.06490384615384616
1 0.16826923076923078 0.06850961538461539 0.04807692307692308 0.05048076923076923