1 0.6117788461538461 0.9290865384615385 0.24278846153846156 0.10817307692307693
1 0.7704326923076924 0.8882211538461539 0.19951923076923078 0.08413461538461539
1 0.8629807692307693 0.8569711538461539 0.19711538461538464 0.07932692307692309
1 0.3822115384615385 0.9302884615384616 0.22596153846153846 0.09134615384615385
1 0.4338942307692308 0.859375 0.2572115384615385 0.05528846153846154
1 0.16466346153846154 0.84375 0.15625 0.07211538461538462
1 0.37980769230769235 0.7752403846153847 0.13942307692307693 0.06009615384615385
1 0.4879807692307693 0.7932692307692308 0.14903846153846154 0.05288461538461539
1 0.6298076923076923 0.8149038461538461 0.13942307692307693 0.05288461538461539
1 0.8689903846153847 0.7944711538461539 0.17067307692307693 0.04567307692307693
1 0.3822115384615385 0.670673076923077 0.09134615384615385 0.028846153846153848
1 0.44591346153846156 0.6009615384615385 0.08413461538461539 0.03365384615384616