4 0.4078125 0.01953125 0.034375 0.0234375
3 0.3453125 0.0140625 0.021875000000000002 0.028125
3 0.340625 0.02890625 0.034375 0.0234375
3 0.30781250000000004 0.025 0.021875000000000002 0.028125
3 0.06015625 0.09531250000000001 0.0078125 0.028125
3 0.15859375 0.22578125000000002 0.0421875 0.045312500000000006
3 0.37109375 0.25859375 0.0203125 0.029687500000000002
3 0.44453125000000004 0.41718750000000004 0.029687500000000002 0.046875
3 0.58359375 0.28125 0.0390625 0.040625
3 0.6421875 0.29453125 0.037500000000000006 0.045312500000000006
4 0.93515625 0.21015625000000002 0.0859375 0.045312500000000006