4 0.89375 0.0484375 0.05625 0.0125
4 0.8757812500000001 0.20468750000000002 0.07968750000000001 0.043750000000000004
3 0.62109375 0.33437500000000003 0.035937500000000004 0.05
3 0.56484375 0.325 0.0328125 0.040625
3 0.44375000000000003 0.4859375 0.018750000000000003 0.034375
3 0.35781250000000003 0.3015625 0.034375 0.040625
3 0.14921875 0.26875 0.0390625 0.05
3 0.049218750000000006 0.15781250000000002 0.026562500000000003 0.043750000000000004
3 0.26796875000000003 0.029687500000000002 0.0421875 0.034375
3 0.32890625 0.029687500000000002 0.026562500000000003 0.037500000000000006
3 0.30781250000000004 0.04453125 0.021875000000000002 0.029687500000000002
4 0.36796875 0.043750000000000004 0.0328125 0.015625