2 0.36171875000000003 0.2078125 0.0765625 0.07187500000000001
2 0.41250000000000003 0.22031250000000002 0.08125 0.0625
2 0.35468750000000004 0.36875 0.034375 0.034375
2 0.30078125 0.37421875000000004 0.0484375 0.045312500000000006
2 0.58203125 0.23828125 0.0859375 0.08281250000000001
4 0.57734375 0.10625000000000001 0.0734375 0.05
2 0.46171875 0.38203125000000004 0.0390625 0.0421875
2 0.45703125 0.44843750000000004 0.07968750000000001 0.05
2 0.48750000000000004 0.46171875 0.09062500000000001 0.0546875
2 0.49609375 0.546875 0.07968750000000001 0.046875
2 0.6875 0.45546875000000003 0.109375 0.0578125
2 0.640625 0.5453125 0.06875 0.037500000000000006
2 0.55390625 0.54609375 0.0859375 0.060937500000000006
4 0.5320312500000001 0.6984375 0.060937500000000006 0.0625
4 0.55 0.7312500000000001 0.025 0.03125
4 0.56015625 0.6625000000000001 0.051562500000000004 0.034375
4 0.44375000000000003 0.6195312500000001 0.037500000000000006 0.026562500000000003
2 0.61484375 0.6335937500000001 0.09531250000000001 0.0421875
4 0.5632812500000001 0.8539062500000001 0.09843750000000001 0.09843750000000001
2 0.515625 0.9242187500000001 0.06875 0.0484375
2 0.58828125 0.9148437500000001 0.0671875 0.07968750000000001
2 0.5867187500000001 0.97265625 0.0671875 0.051562500000000004