3 0.09765625 0.8500000000000001 0.0421875 0.037500000000000006
3 0.021875000000000002 0.7796875000000001 0.034375 0.03125
3 0.15000000000000002 0.7109375 0.037500000000000006 0.037500000000000006
4 0.43828125 0.51875 0.0328125 0.05625
3 0.6953125 0.3484375 0.0125 0.00625
3 0.384375 0.34218750000000003 0.021875000000000002 0.015625
4 0.21406250000000002 0.49531250000000004 0.03125 0.040625
3 0.56015625 0.20625000000000002 0.0171875 0.0125
3 0.59375 0.2171875 0.0125 0.0125
4 0.71640625 0.23750000000000002 0.010937500000000001 0.025
4 0.6796875 0.0625 0.009375000000000001 0.009375000000000001