3 0.671875 0.421875 0.037500000000000006 0.037500000000000006
2 0.46796875000000004 0.47968750000000004 0.0546875 0.034375
2 0.5375 0.4890625 0.059375000000000004 0.05
2 0.628125 0.44140625 0.043750000000000004 0.0671875
2 0.5859375 0.41484375 0.03125 0.026562500000000003
2 0.47500000000000003 0.6890625 0.037500000000000006 0.037500000000000006
2 0.37265625 0.565625 0.035937500000000004 0.03125
4 0.5640625 0.5734375 0.05625 0.07500000000000001
4 0.7234375000000001 0.5320312500000001 0.05 0.051562500000000004
4 0.6687500000000001 0.46171875 0.053125000000000006 0.045312500000000006
4 0.821875 0.4453125 0.025 0.028125
3 0.19453125000000002 0.5593750000000001 0.0203125 0.025