3 0.49609375 0.68671875 0.0328125 0.0328125
2 0.49375 0.4734375 0.028125 0.053125000000000006
2 0.46718750000000003 0.53828125 0.043750000000000004 0.0546875
2 0.48984375 0.640625 0.06406250000000001 0.034375
2 0.52734375 0.6046875 0.0234375 0.028125
2 0.28671875 0.42421875000000003 0.0328125 0.0328125
2 0.434375 0.35703125 0.028125 0.0328125
4 0.37734375000000003 0.54296875 0.0703125 0.0484375
4 0.3765625 0.70859375 0.046875 0.045312500000000006
4 0.4578125 0.6726562500000001 0.040625 0.0484375
4 0.434375 0.828125 0.028125 0.021875000000000002
3 0.48828125 0.18515625000000002 0.0234375 0.0171875