3 0.52109375 0.69921875 0.0328125 0.0328125
2 0.51875 0.48984375 0.028125 0.051562500000000004
2 0.54609375 0.553125 0.0421875 0.053125000000000006
2 0.52578125 0.65234375 0.060937500000000006 0.035937500000000004
2 0.4890625 0.6195312500000001 0.021875000000000002 0.026562500000000003
2 0.7195312500000001 0.4390625 0.0328125 0.03125
2 0.57421875 0.37578125 0.026562500000000003 0.0328125
4 0.6328125 0.5554687500000001 0.06875 0.0484375
4 0.6375000000000001 0.71640625 0.046875 0.045312500000000006
4 0.5578125 0.6843750000000001 0.037500000000000006 0.046875
4 0.58203125 0.8343750000000001 0.026562500000000003 0.021875000000000002
3 0.5203125000000001 0.21015625000000002 0.021875000000000002 0.0171875