3 0.46875 0.7375 0.021875000000000002 0.034375
4 0.51875 0.71484375 0.05 0.0546875
4 0.57265625 0.72421875 0.045312500000000006 0.051562500000000004
4 0.58125 0.5890625 0.065625 0.05625
4 0.5085937500000001 0.87421875 0.029687500000000002 0.035937500000000004
2 0.43515625 0.6515625 0.0203125 0.021875000000000002
2 0.50625 0.58515625 0.028125 0.0546875
2 0.48046875 0.7039062500000001 0.0484375 0.0703125
2 0.6648437500000001 0.47187500000000004 0.035937500000000004 0.037500000000000006
2 0.45390625 0.525 0.0390625 0.05
3 0.47578125000000004 0.24375000000000002 0.0234375 0.018750000000000003