3 0.6953125 0.44453125000000004 0.034375 0.0328125
4 0.6875 0.49453125000000003 0.053125000000000006 0.0578125
4 0.73203125 0.57265625 0.045312500000000006 0.045312500000000006
4 0.8617187500000001 0.49296875 0.035937500000000004 0.026562500000000003
2 0.55 0.6023437500000001 0.046875 0.0671875
2 0.65 0.46484375 0.025 0.0703125
2 0.465625 0.4734375 0.053125000000000006 0.028125
2 0.53515625 0.49843750000000003 0.0546875 0.03125
2 0.421875 0.68671875 0.034375 0.029687500000000002
2 0.3875 0.50390625 0.046875 0.0546875
2 0.34687500000000004 0.52265625 0.034375 0.0234375
3 0.19609375 0.48750000000000004 0.0140625 0.018750000000000003