3 0.45156250000000003 0.73046875 0.018750000000000003 0.0328125
4 0.50390625 0.7125 0.045312500000000006 0.05
4 0.5578125 0.72578125 0.040625 0.045312500000000006
4 0.58046875 0.5953125 0.060937500000000006 0.05
4 0.47890625000000003 0.8679687500000001 0.026562500000000003 0.0328125
2 0.42890625000000004 0.6414062500000001 0.0171875 0.0203125
2 0.50546875 0.5828125000000001 0.0234375 0.053125000000000006
2 0.46796875000000004 0.6984375 0.0421875 0.065625
2 0.675 0.4859375 0.03125 0.034375
2 0.46015625000000004 0.5171875 0.035937500000000004 0.046875
3 0.5109375 0.2421875 0.021875000000000002 0.015625