3 0.40390625 0.3453125 0.0328125 0.03125
4 0.515625 0.34296875000000004 0.053125000000000006 0.051562500000000004
4 0.53125 0.29375 0.05 0.05
4 0.64453125 0.36015625 0.0703125 0.0546875
4 0.43203125000000003 0.08203125 0.035937500000000004 0.045312500000000006
2 0.45859375 0.17343750000000002 0.0578125 0.0625
2 0.5265625 0.47421875 0.037500000000000006 0.0234375
2 0.48750000000000004 0.51875 0.046875 0.040625
2 0.6023437500000001 0.596875 0.035937500000000004 0.034375
2 0.7265625 0.44375000000000003 0.034375 0.034375
2 0.43046875 0.421875 0.026562500000000003 0.025