3 0.5375 0.328125 0.028125 0.03125
2 0.5085937500000001 0.5359375000000001 0.0484375 0.037500000000000006
2 0.546875 0.41875 0.021875000000000002 0.028125
2 0.51015625 0.33359375 0.06406250000000001 0.0671875
2 0.26328125 0.5085937500000001 0.029687500000000002 0.035937500000000004
2 0.42500000000000004 0.6203125 0.03125 0.037500000000000006
4 0.37265625 0.42578125 0.0703125 0.051562500000000004
4 0.4703125 0.3328125 0.05 0.053125000000000006
4 0.41718750000000004 0.30703125000000003 0.043750000000000004 0.0484375
4 0.48984375 0.134375 0.0328125 0.037500000000000006
2 0.46875 0.46171875 0.037500000000000006 0.0390625
3 0.434375 0.775 0.021875000000000002 0.018750000000000003