3 0.5242187500000001 0.6492187500000001 0.0328125 0.026562500000000003
2 0.36250000000000004 0.8453125 0.05625 0.08125
4 0.434375 0.58203125 0.046875 0.0484375
4 0.38593750000000004 0.62890625 0.037500000000000006 0.0484375
4 0.27578125000000003 0.5750000000000001 0.0703125 0.053125000000000006
2 0.44062500000000004 0.4625 0.05 0.03125
2 0.5046875000000001 0.56640625 0.018750000000000003 0.0234375
2 0.24765625000000002 0.43828125 0.035937500000000004 0.035937500000000004
2 0.39375000000000004 0.328125 0.028125 0.034375
2 0.48671875000000003 0.4375 0.0328125 0.046875
3 0.46015625000000004 0.0921875 0.0203125 0.018750000000000003