3 0.46875 0.6671875 0.028125 0.028125
2 0.7453125 0.96796875 0.084375 0.0390625
2 0.5484375 0.5375 0.025 0.040625
2 0.5328125 0.49531250000000004 0.046875 0.015625
2 0.65 0.44375000000000003 0.037500000000000006 0.028125
2 0.7515625 0.5765625 0.03125 0.028125
4 0.578125 0.584375 0.040625 0.037500000000000006
4 0.5875 0.765625 0.034375 0.037500000000000006
4 0.7093750000000001 0.75703125 0.06875 0.035937500000000004
2 0.484375 0.6125 0.021875000000000002 0.015625
3 0.6570312500000001 0.16953125000000002 0.0234375 0.0140625