3 0.62109375 0.7429687500000001 0.0390625 0.0328125
2 0.3921875 0.97578125 0.065625 0.045312500000000006
4 0.49921875000000004 0.7796875000000001 0.051562500000000004 0.040625
4 0.5140625 0.675 0.034375 0.046875
4 0.38359375 0.74375 0.0734375 0.05625
2 0.35234375 0.6039062500000001 0.0328125 0.035937500000000004
2 0.42578125 0.5046875000000001 0.029687500000000002 0.03125
2 0.51171875 0.61640625 0.0234375 0.0484375
2 0.51484375 0.5703125 0.0421875 0.021875000000000002
2 0.57421875 0.7000000000000001 0.0234375 0.03125
3 0.63984375 0.60703125 0.0171875 0.0171875
3 0.41484375 0.246875 0.0234375 0.018750000000000003