3 0.48046875 0.31640625 0.0328125 0.0328125
2 0.8070312500000001 0.065625 0.0890625 0.05
2 0.5375 0.45859375 0.03125 0.045312500000000006
2 0.51328125 0.496875 0.0484375 0.021875000000000002
2 0.62109375 0.56953125 0.0421875 0.035937500000000004
2 0.74609375 0.45546875000000003 0.035937500000000004 0.0328125
4 0.57578125 0.41718750000000004 0.045312500000000006 0.043750000000000004
4 0.61484375 0.23828125 0.0390625 0.0421875
4 0.7351562500000001 0.2671875 0.0734375 0.046875
2 0.4859375 0.371875 0.025 0.018750000000000003
3 0.58046875 0.84375 0.026562500000000003 0.018750000000000003