4 0.309375 0.6953125 0.025 0.025
4 0.3875 0.9 0.025 0.025
4 0.6375000000000001 0.790625 0.00625 0.003125
4 0.62109375 0.7765625 0.045312500000000006 0.037500000000000006
2 0.6804687500000001 0.7351562500000001 0.1015625 0.0421875
2 0.35625 0.4625 0.028125 0.028125
3 0.33984375 0.61328125 0.0140625 0.0140625
2 0.421875 0.61484375 0.018750000000000003 0.0421875
2 0.4765625 0.578125 0.021875000000000002 0.021875000000000002
4 0.46484375 0.5476562500000001 0.029687500000000002 0.0421875
4 0.8500000000000001 0.98828125 0.109375 0.0203125