4 0.65625 0.21796875000000002 0.07187500000000001 0.0890625
4 0.6078125000000001 0.5945312500000001 0.08125 0.0765625
4 0.5593750000000001 0.43984375000000003 0.059375000000000004 0.0546875
4 0.5703125 0.9453125 0.053125000000000006 0.05625
3 0.56796875 0.6273437500000001 0.0421875 0.0421875
3 0.509375 0.49765625 0.037500000000000006 0.0421875
3 0.3828125 0.6625000000000001 0.046875 0.053125000000000006
3 0.36953125000000003 0.76328125 0.0546875 0.035937500000000004
3 0.3125 0.8328125000000001 0.07187500000000001 0.05
3 0.29921875000000003 0.46953125 0.0703125 0.0546875
3 0.30078125 0.43515625 0.0578125 0.0484375
3 0.33359375 0.33359375 0.060937500000000006 0.060937500000000006