4 0.43515625 0.35625 0.0671875 0.07187500000000001
4 0.07109375 0.37343750000000003 0.0578125 0.053125000000000006
4 0.5890625 0.40546875000000004 0.05 0.0546875
4 0.81640625 0.353125 0.0890625 0.0625
3 0.6726562500000001 0.68671875 0.051562500000000004 0.045312500000000006
3 0.5328125 0.5710937500000001 0.037500000000000006 0.0484375
3 0.55859375 0.70078125 0.045312500000000006 0.0546875
3 0.51953125 0.69921875 0.051562500000000004 0.0734375
3 0.39921875 0.39296875000000003 0.0421875 0.0421875
3 0.5164062500000001 0.45546875000000003 0.0421875 0.0421875
3 0.33515625000000004 0.5750000000000001 0.0546875 0.046875
3 0.15078125 0.6234375000000001 0.0421875 0.07187500000000001
3 0.23203125000000002 0.58125 0.0328125 0.05625