4 0.6039062500000001 0.1609375 0.0734375 0.09375
4 0.58203125 0.5703125 0.0859375 0.08125
4 0.5171875 0.4078125 0.0625 0.05625
4 0.56796875 0.95078125 0.0546875 0.0578125
3 0.540625 0.609375 0.043750000000000004 0.043750000000000004
3 0.46796875000000004 0.4734375 0.0390625 0.043750000000000004
3 0.34296875000000004 0.66171875 0.0484375 0.0546875
3 0.33671875 0.77109375 0.0578125 0.035937500000000004
3 0.28046875 0.8500000000000001 0.0765625 0.05
3 0.2390625 0.45859375 0.07500000000000001 0.0546875
3 0.23593750000000002 0.421875 0.059375000000000004 0.05
3 0.26640625 0.31015625 0.060937500000000006 0.060937500000000006