4 0.7132812500000001 0.371875 0.07968750000000001 0.0625
4 0.34687500000000004 0.4140625 0.05 0.08125
4 0.44140625 0.45859375 0.045312500000000006 0.0421875
3 0.33203125 0.61640625 0.029687500000000002 0.060937500000000006
3 0.26484375 0.453125 0.0234375 0.040625
3 0.40078125000000003 0.51875 0.0421875 0.03125
3 0.14296875 0.64375 0.051562500000000004 0.046875
3 0.040625 0.6179687500000001 0.043750000000000004 0.045312500000000006
3 0.35078125000000004 0.7445312500000001 0.029687500000000002 0.0671875
3 0.38906250000000003 0.7601562500000001 0.03125 0.060937500000000006
3 0.48750000000000004 0.7015625000000001 0.05 0.053125000000000006