3 0.59609375 0.44296875 0.0578125 0.026562500000000003
3 0.7234375000000001 0.3359375 0.040625 0.05
3 0.74609375 0.44375000000000003 0.0484375 0.037500000000000006
3 0.73203125 0.47500000000000003 0.0734375 0.040625
3 0.58515625 0.6421875 0.0390625 0.046875
3 0.56484375 0.7375 0.0484375 0.028125
3 0.60078125 0.8171875000000001 0.060937500000000006 0.037500000000000006
3 0.390625 0.54140625 0.043750000000000004 0.029687500000000002
3 0.48203125 0.43828125 0.0390625 0.035937500000000004
4 0.42265625 0.14609375 0.0578125 0.0859375
4 0.35859375000000004 0.5 0.0671875 0.059375000000000004
4 0.45078125 0.37890625 0.0421875 0.0421875
4 0.3328125 0.83984375 0.043750000000000004 0.0484375