4 0.63828125 0.21406250000000002 0.07968750000000001 0.096875
4 0.5796875 0.62265625 0.09062500000000001 0.0859375
4 0.5296875 0.4546875 0.065625 0.059375000000000004
4 0.5320312500000001 0.9851562500000001 0.0578125 0.026562500000000003
3 0.53515625 0.6570312500000001 0.045312500000000006 0.045312500000000006
3 0.47421875 0.515625 0.0421875 0.046875
3 0.3328125 0.6937500000000001 0.053125000000000006 0.059375000000000004
3 0.31562500000000004 0.80234375 0.059375000000000004 0.0390625
3 0.25390625 0.8765625 0.07968750000000001 0.05625
3 0.246875 0.47968750000000004 0.078125 0.059375000000000004
3 0.246875 0.44453125000000004 0.0625 0.0546875
3 0.2859375 0.33437500000000003 0.065625 0.065625