3 0.51484375 0.6828125 0.0390625 0.07500000000000001
3 0.6296875000000001 0.7351562500000001 0.053125000000000006 0.060937500000000006
3 0.5859375 0.7203125 0.046875 0.043750000000000004
3 0.7515625 0.6453125000000001 0.037500000000000006 0.059375000000000004
3 0.89375 0.675 0.059375000000000004 0.059375000000000004
3 0.96796875 0.63671875 0.035937500000000004 0.0390625
3 0.7703125000000001 0.48281250000000003 0.028125 0.043750000000000004
3 0.6203125 0.52265625 0.034375 0.0421875
3 0.5476562500000001 0.6351562500000001 0.0484375 0.0703125
4 0.6484375 0.39609375 0.053125000000000006 0.0578125
4 0.6234375000000001 0.4609375 0.046875 0.05625
4 0.27109375 0.3453125 0.07968750000000001 0.0625