3 0.5375 0.6828125 0.03125 0.07187500000000001
3 0.6578125 0.7203125 0.046875 0.05625
3 0.6140625000000001 0.7117187500000001 0.043750000000000004 0.0390625
3 0.76875 0.6171875 0.03125 0.05625
3 0.9109375000000001 0.6296875000000001 0.053125000000000006 0.053125000000000006
3 0.98046875 0.58359375 0.0328125 0.035937500000000004
3 0.7664062500000001 0.45390625 0.0234375 0.0421875
3 0.6218750000000001 0.51171875 0.03125 0.0390625
3 0.565625 0.6328125 0.040625 0.065625
4 0.6359375 0.38359375 0.046875 0.051562500000000004
4 0.61875 0.45078125 0.040625 0.051562500000000004
4 0.2578125 0.38125000000000003 0.07500000000000001 0.053125000000000006