3 0.4078125 0.043750000000000004 0.021875000000000002 0.015625
3 0.384375 0.025 0.025 0.015625
3 0.38593750000000004 0.15781250000000002 0.028125 0.018750000000000003
3 0.4296875 0.178125 0.025 0.021875000000000002
3 0.3453125 0.29375 0.025 0.0125
3 0.5296875 0.3046875 0.03125 0.03125
3 0.5203125000000001 0.34218750000000003 0.040625 0.018750000000000003
3 0.49531250000000004 0.359375 0.021875000000000002 0.03125
3 0.54453125 0.36640625000000004 0.026562500000000003 0.0328125
3 0.58125 0.42031250000000003 0.034375 0.018750000000000003
3 0.6125 0.390625 0.037500000000000006 0.03125
3 0.55625 0.5945312500000001 0.034375 0.0171875
3 0.38593750000000004 0.51015625 0.018750000000000003 0.0203125
4 0.421875 0.3140625 0.028125 0.034375
4 0.38984375000000004 0.42500000000000004 0.0484375 0.053125000000000006
4 0.2015625 0.11406250000000001 0.015625 0.025
4 0.48750000000000004 0.7421875 0.046875 0.07500000000000001