4 0.43203125000000003 0.7203125 0.0484375 0.078125
4 0.38046875 0.39296875000000003 0.0546875 0.045312500000000006
4 0.42734375 0.30625 0.035937500000000004 0.034375
4 0.20546875 0.05859375 0.0171875 0.0234375
4 0.31796875 0.22031250000000002 0.026562500000000003 0.015625
3 0.49843750000000003 0.58515625 0.037500000000000006 0.0234375
3 0.5328125 0.37265625 0.037500000000000006 0.0328125
3 0.5242187500000001 0.34687500000000004 0.0390625 0.018750000000000003
3 0.50625 0.34921875 0.021875000000000002 0.0328125
3 0.5375 0.31093750000000003 0.034375 0.037500000000000006
3 0.4609375 0.15546875000000002 0.021875000000000002 0.026562500000000003
3 0.39453125 0.12109375 0.026562500000000003 0.0203125
3 0.34765625 0.265625 0.029687500000000002 0.018750000000000003
3 0.5671875000000001 0.4234375 0.021875000000000002 0.028125
3 0.5953125 0.4078125 0.034375 0.034375
3 0.36171875000000003 0.47968750000000004 0.026562500000000003 0.018750000000000003
3 0.41484375 0.00703125 0.026562500000000003 0.0140625