4 0.41953125 0.7757812500000001 0.0484375 0.0765625
4 0.33984375 0.3453125 0.035937500000000004 0.034375
4 0.31328125 0.45859375 0.045312500000000006 0.0546875
4 0.10390625 0.15781250000000002 0.0203125 0.025
3 0.27265625 0.3296875 0.026562500000000003 0.0125
3 0.30625 0.06953125 0.028125 0.0171875
3 0.2828125 0.049218750000000006 0.028125 0.0171875
3 0.30703125000000003 0.184375 0.026562500000000003 0.018750000000000003
3 0.353125 0.2109375 0.021875000000000002 0.021875000000000002
3 0.43984375000000003 0.33828125000000003 0.0390625 0.035937500000000004
3 0.43281250000000004 0.37890625 0.040625 0.0203125
3 0.41171875 0.3984375 0.0203125 0.03125
3 0.44375000000000003 0.40234375 0.03125 0.0328125
3 0.52265625 0.42109375000000004 0.035937500000000004 0.0328125
3 0.4859375 0.4578125 0.037500000000000006 0.018750000000000003
3 0.465625 0.62890625 0.046875 0.0171875
3 0.3125 0.54453125 0.015625 0.0203125