4 0.17265625 0.46718750000000003 0.0859375 0.059375000000000004
4 0.47500000000000003 0.31484375000000003 0.053125000000000006 0.0578125
4 0.5750000000000001 0.33125000000000004 0.037500000000000006 0.040625
4 0.7453125 0.037500000000000006 0.025 0.021875000000000002
4 0.62265625 0.19765625 0.0171875 0.026562500000000003
3 0.32578125 0.4890625 0.029687500000000002 0.040625
3 0.5421875 0.45546875000000003 0.037500000000000006 0.0421875
3 0.565625 0.4375 0.025 0.040625
3 0.5578125 0.42265625 0.034375 0.026562500000000003
3 0.6046875 0.43984375000000003 0.040625 0.0390625
3 0.7312500000000001 0.31562500000000004 0.028125 0.025
3 0.7445312500000001 0.2421875 0.0234375 0.028125
3 0.5890625 0.240625 0.021875000000000002 0.03125
3 0.503125 0.50546875 0.03125 0.0234375
3 0.5281250000000001 0.52734375 0.037500000000000006 0.0390625
3 0.38515625000000003 0.32343750000000004 0.0203125 0.028125
3 0.86484375 0.225 0.0234375 0.028125