4 0.4265625 0.7375 0.059375000000000004 0.07187500000000001
3 0.50546875 0.61640625 0.035937500000000004 0.0234375
4 0.36171875000000003 0.45234375000000004 0.0421875 0.0421875
4 0.4 0.37265625 0.028125 0.0328125
3 0.509375 0.415625 0.03125 0.03125
3 0.47187500000000004 0.39453125 0.03125 0.029687500000000002
3 0.49453125000000003 0.39296875000000003 0.0390625 0.0203125
3 0.503125 0.3609375 0.03125 0.03125
3 0.5703125 0.45078125 0.028125 0.0234375
3 0.35390625000000003 0.34375 0.0203125 0.015625
3 0.5906250000000001 0.4546875 0.028125 0.03125
3 0.39296875000000003 0.21406250000000002 0.026562500000000003 0.018750000000000003
3 0.43281250000000004 0.23828125 0.018750000000000003 0.0234375
3 0.41875 0.11406250000000001 0.025 0.021875000000000002
3 0.40234375 0.09531250000000001 0.0234375 0.018750000000000003
4 0.2421875 0.14140625 0.015625 0.0234375
3 0.33671875 0.52734375 0.0171875 0.0171875