4 0.24453125 0.46640625 0.0671875 0.051562500000000004
3 0.37343750000000003 0.5328125 0.018750000000000003 0.034375
4 0.52109375 0.37421875000000004 0.0390625 0.0390625
4 0.603125 0.40546875000000004 0.03125 0.026562500000000003
3 0.5710937500000001 0.51484375 0.029687500000000002 0.029687500000000002
3 0.5890625 0.47734375 0.028125 0.029687500000000002
3 0.5945312500000001 0.49921875000000004 0.0171875 0.035937500000000004
3 0.6257812500000001 0.50390625 0.029687500000000002 0.029687500000000002
3 0.5437500000000001 0.5796875 0.021875000000000002 0.025
3 0.628125 0.35468750000000004 0.0125 0.018750000000000003
3 0.54296875 0.60078125 0.029687500000000002 0.026562500000000003
3 0.7601562500000001 0.3796875 0.0171875 0.025
3 0.7406250000000001 0.421875 0.021875000000000002 0.015625
3 0.8625 0.39375000000000004 0.018750000000000003 0.021875000000000002
3 0.878125 0.37812500000000004 0.015625 0.021875000000000002
4 0.815625 0.2234375 0.021875000000000002 0.0125
3 0.4421875 0.35625 0.015625 0.015625