3 0.371875 0.46328125000000003 0.018750000000000003 0.029687500000000002
3 0.5296875 0.5671875000000001 0.03125 0.034375
3 0.5484375 0.55234375 0.018750000000000003 0.029687500000000002
3 0.5703125 0.509375 0.028125 0.03125
3 0.584375 0.48828125 0.018750000000000003 0.026562500000000003
3 0.59609375 0.50390625 0.0203125 0.0328125
3 0.45859375 0.35078125000000004 0.0171875 0.010937500000000001
4 0.25390625 0.4109375 0.0703125 0.034375
4 0.84765625 0.2328125 0.0234375 0.018750000000000003
4 0.60859375 0.40390625 0.035937500000000004 0.0390625
4 0.534375 0.37578125 0.034375 0.0328125
3 0.6468750000000001 0.3671875 0.018750000000000003 0.021875000000000002
3 0.775 0.40937500000000004 0.015625 0.025
3 0.74609375 0.4546875 0.0203125 0.018750000000000003
3 0.8773437500000001 0.41250000000000003 0.0171875 0.025
3 0.8921875 0.39453125 0.018750000000000003 0.0234375
3 0.61875 0.51171875 0.018750000000000003 0.026562500000000003