3 0.46171875 0.3640625 0.029687500000000002 0.018750000000000003
3 0.55859375 0.5281250000000001 0.0328125 0.03125
3 0.54296875 0.5484375 0.029687500000000002 0.018750000000000003
3 0.496875 0.5671875000000001 0.03125 0.028125
3 0.47421875 0.58046875 0.026562500000000003 0.0171875
3 0.49140625000000004 0.59375 0.0328125 0.018750000000000003
3 0.34140625 0.44453125000000004 0.010937500000000001 0.0171875
4 0.4140625 0.23828125 0.03125 0.0703125
4 0.20078125000000002 0.83515625 0.0171875 0.0234375
4 0.38906250000000003 0.6000000000000001 0.037500000000000006 0.034375
4 0.3640625 0.52265625 0.03125 0.0328125
3 0.3484375 0.63671875 0.021875000000000002 0.0171875
3 0.384375 0.7703125000000001 0.025 0.015625
3 0.43281250000000004 0.74375 0.018750000000000003 0.021875000000000002
3 0.3828125 0.875 0.025 0.015625
3 0.36484375 0.8890625000000001 0.0234375 0.018750000000000003
3 0.49765625 0.61640625 0.026562500000000003 0.0171875