4 0.5109375 0.026562500000000003 0.0625 0.053125000000000006
4 0.63203125 0.3640625 0.045312500000000006 0.037500000000000006
4 0.609375 0.48828125 0.034375 0.0328125
4 0.25390625 0.33437500000000003 0.051562500000000004 0.05625
4 0.8171875000000001 0.6648437500000001 0.0125 0.0171875
3 0.6843750000000001 0.7015625000000001 0.021875000000000002 0.015625
3 0.659375 0.6984375 0.018750000000000003 0.0125
3 0.66015625 0.625 0.0234375 0.015625
3 0.5953125 0.5984375000000001 0.025 0.021875000000000002
3 0.6765625000000001 0.496875 0.018750000000000003 0.015625
3 0.525 0.48203125 0.028125 0.0171875
3 0.51328125 0.49765625 0.029687500000000002 0.0203125
3 0.5265625 0.43515625 0.028125 0.0203125
3 0.4921875 0.42421875000000003 0.040625 0.0234375
3 0.40625 0.36875 0.043750000000000004 0.028125
3 0.42734375 0.41953125 0.029687500000000002 0.0234375
3 0.6703125000000001 0.27421875 0.021875000000000002 0.0140625
3 0.48046875 0.19375 0.0421875 0.034375