3 0.42031250000000003 0.39453125 0.028125 0.0328125
3 0.5140625 0.44140625 0.03125 0.026562500000000003
3 0.4296875 0.2765625 0.018750000000000003 0.025
3 0.41015625 0.26328125 0.0171875 0.0234375
3 0.3640625 0.290625 0.025 0.018750000000000003
3 0.35468750000000004 0.33671875 0.025 0.0234375
3 0.3453125 0.36484375 0.03125 0.0234375
3 0.33437500000000003 0.3453125 0.025 0.034375
3 0.353125 0.30625 0.03125 0.034375
3 0.19296875000000002 0.28359375000000003 0.029687500000000002 0.0234375
3 0.19921875 0.26328125 0.029687500000000002 0.0203125
4 0.28750000000000003 0.25625000000000003 0.018750000000000003 0.015625
3 0.596875 0.22265625 0.0125 0.0171875
3 0.6742187500000001 0.3046875 0.026562500000000003 0.025
4 0.6726562500000001 0.38125000000000003 0.045312500000000006 0.05
4 0.76953125 0.4609375 0.0703125 0.053125000000000006