3 0.42812500000000003 0.0421875 0.025 0.028125
3 0.45625000000000004 0.026562500000000003 0.028125 0.021875000000000002
4 0.48671875000000003 0.09843750000000001 0.026562500000000003 0.040625
3 0.403125 0.203125 0.03125 0.03125
3 0.4234375 0.23046875 0.028125 0.0328125
3 0.42890625000000004 0.29140625000000003 0.0390625 0.026562500000000003
3 0.34453125 0.33359375 0.0390625 0.029687500000000002
3 0.48125 0.39765625000000004 0.028125 0.035937500000000004
3 0.49843750000000003 0.38984375000000004 0.028125 0.0328125
3 0.6484375 0.41250000000000003 0.018750000000000003 0.018750000000000003
4 0.5 0.62421875 0.05 0.051562500000000004
4 0.51953125 0.7445312500000001 0.0546875 0.0703125
3 0.6179687500000001 0.6039062500000001 0.0234375 0.0234375