3 0.06015625 0.35625 0.0171875 0.009375000000000001
3 0.3328125 0.3828125 0.034375 0.037500000000000006
3 0.35468750000000004 0.35000000000000003 0.034375 0.034375
3 0.23828125 0.65625 0.0234375 0.025
3 0.275 0.6984375 0.034375 0.025
3 0.31796875 0.64609375 0.029687500000000002 0.0203125
3 0.384375 0.64375 0.034375 0.025
3 0.37578125 0.61640625 0.0390625 0.035937500000000004
3 0.35390625000000003 0.59921875 0.0390625 0.026562500000000003
3 0.3296875 0.5484375 0.021875000000000002 0.018750000000000003
3 0.20468750000000002 0.734375 0.028125 0.03125
3 0.20078125000000002 0.76171875 0.0234375 0.026562500000000003
4 0.2109375 0.70859375 0.03125 0.035937500000000004
4 0.3609375 0.24921875000000002 0.05 0.0546875
4 0.31562500000000004 0.16875 0.046875 0.053125000000000006
3 0.215625 0.23828125 0.015625 0.0171875