4 0.61484375 0.3515625 0.0546875 0.046875
4 0.553125 0.25390625 0.05625 0.0671875
3 0.66796875 0.34296875000000004 0.0171875 0.0234375
3 0.57578125 0.50625 0.0328125 0.03125
3 0.61640625 0.59609375 0.029687500000000002 0.029687500000000002
3 0.7109375 0.5789062500000001 0.025 0.026562500000000003
3 0.65 0.66015625 0.028125 0.0328125
3 0.6625000000000001 0.6734375 0.03125 0.025
3 0.7507812500000001 0.8054687500000001 0.029687500000000002 0.029687500000000002
3 0.7117187500000001 0.8093750000000001 0.026562500000000003 0.03125
3 0.7296875 0.60703125 0.018750000000000003 0.026562500000000003
4 0.7484375000000001 0.73203125 0.03125 0.035937500000000004
3 0.671875 0.659375 0.018750000000000003 0.018750000000000003
3 0.7601562500000001 0.42578125 0.0140625 0.0140625