4 0.3875 0.3984375 0.037500000000000006 0.046875
4 0.275 0.43984375000000003 0.0625 0.045312500000000006
3 0.39140625 0.34296875000000004 0.0234375 0.0140625
3 0.5359375000000001 0.47500000000000003 0.028125 0.028125
3 0.634375 0.45546875000000003 0.025 0.026562500000000003
3 0.63984375 0.35625 0.0234375 0.021875000000000002
3 0.7078125000000001 0.43593750000000003 0.028125 0.021875000000000002
3 0.7250000000000001 0.42500000000000004 0.018750000000000003 0.028125
3 0.8765625 0.3671875 0.025 0.025
3 0.8734375000000001 0.40937500000000004 0.028125 0.021875000000000002
3 0.671875 0.34296875000000004 0.025 0.0140625
4 0.8031250000000001 0.35390625000000003 0.03125 0.026562500000000003
4 0.9906250000000001 0.078125 0.015625 0.009375000000000001
3 0.7117187500000001 0.4140625 0.0171875 0.015625
3 0.496875 0.2703125 0.0125 0.0125