4 0.1921875 0.140625 0.034375 0.078125
3 0.309375 0.40625 0.046875 0.03125
3 0.29921875000000003 0.46406250000000004 0.035937500000000004 0.034375
4 0.05 0.65546875 0.018750000000000003 0.0328125
3 0.040625 0.68515625 0.018750000000000003 0.026562500000000003
3 0.041406250000000006 0.703125 0.0203125 0.018750000000000003
3 0.05390625 0.7250000000000001 0.0234375 0.018750000000000003
3 0.28203125 0.6671875 0.035937500000000004 0.025
3 0.17265625 0.96015625 0.029687500000000002 0.029687500000000002
3 0.26796875000000003 0.8835937500000001 0.0421875 0.0234375
3 0.45078125 0.5953125 0.0328125 0.021875000000000002