4 0.19765625 0.8671875 0.035937500000000004 0.08125
3 0.31015625 0.59765625 0.0484375 0.0328125
3 0.30078125 0.5398437500000001 0.035937500000000004 0.035937500000000004
4 0.045312500000000006 0.35390625000000003 0.018750000000000003 0.0328125
3 0.03515625 0.32265625000000003 0.0203125 0.026562500000000003
3 0.03515625 0.3046875 0.0203125 0.018750000000000003
3 0.047656250000000004 0.28125 0.0234375 0.018750000000000003
3 0.27890625 0.3359375 0.035937500000000004 0.025
3 0.16484375 0.04453125 0.029687500000000002 0.026562500000000003
3 0.26171875 0.11796875000000001 0.0421875 0.0234375
3 0.45078125 0.40625 0.0328125 0.021875000000000002