4 0.00703125 0.37343750000000003 0.0140625 0.034375
3 0.01953125 0.34687500000000004 0.0234375 0.025
3 0.046875 0.32734375000000004 0.034375 0.0234375
3 0.060937500000000006 0.2984375 0.021875000000000002 0.021875000000000002
3 0.29375 0.34140625 0.028125 0.026562500000000003
3 0.35468750000000004 0.5546875 0.043750000000000004 0.03125
3 0.278125 0.11171875 0.053125000000000006 0.029687500000000002
3 0.18828125 0.06406250000000001 0.0421875 0.037500000000000006
3 0.35468750000000004 0.62265625 0.05625 0.0328125
3 0.44843750000000004 0.39296875000000003 0.03125 0.035937500000000004
4 0.24453125 0.90390625 0.06406250000000001 0.0890625
4 0.08515625 0.9453125 0.0328125 0.043750000000000004