3 0.30168269230769235 0.4326923076923077 0.13701923076923078 0.10096153846153846
2 0.4206730769230769 0.24759615384615385 0.2403846153846154 0.17307692307692307
2 0.6322115384615385 0.2872596153846154 0.1826923076923077 0.09375
2 0.7668269230769231 0.2572115384615385 0.17307692307692307 0.0625
2 0.5829326923076923 0.20552884615384617 0.05048076923076923 0.08413461538461539
2 0.6370192307692308 0.20552884615384617 0.08653846153846154 0.10336538461538462
4 0.4651442307692308 0.31490384615384615 0.07451923076923077 0.06730769230769232
2 0.8497596153846154 0.037259615384615384 0.18990384615384617 0.06971153846153846
2 0.27884615384615385 0.08533653846153846 0.13461538461538464 0.07932692307692309
2 0.12620192307692307 0.021634615384615384 0.2043269230769231 0.04326923076923077
2 0.3449519230769231 0.026442307692307696 0.2091346153846154 0.05288461538461539