4 0.3557692307692308 0.5240384615384616 0.14423076923076925 0.11538461538461539
4 0.7992788461538461 0.8341346153846154 0.05048076923076923 0.03365384615384616
4 0.45432692307692313 0.826923076923077 0.125 0.20673076923076925
4 0.24399038461538464 0.3341346153846154 0.05048076923076923 0.038461538461538464
4 0.6057692307692308 0.24879807692307693 0.028846153846153848 0.03125
2 0.5588942307692308 0.4326923076923077 0.16586538461538464 0.12980769230769232
2 0.43509615384615385 0.640625 0.08653846153846154 0.12259615384615385
2 0.7716346153846154 0.7091346153846154 0.10576923076923078 0.14423076923076925
3 0.6814903846153847 0.6790865384615385 0.06490384615384616 0.07932692307692309
3 0.6598557692307693 0.7608173076923077 0.09375 0.09855769230769232
2 0.7319711538461539 0.9266826923076924 0.09375 0.14182692307692307
2 0.6514423076923077 0.951923076923077 0.09134615384615385 0.09134615384615385