0 0.24504310344827585 0.19861111111111113 0.08318965517241379 0.11944444444444445
2 0.09310344827586206 0.18611111111111112 0.0793103448275862 0.07592592592592592
2 0.022413793103448276 0.30462962962962964 0.04482758620689655 0.07222222222222223
2 0.05603448275862069 0.27037037037037037 0.027586206896551724 0.044444444444444446
2 0.0665948275862069 0.300462962962963 0.0771551724137931 0.11018518518518519
0 0.08103448275862069 0.5314814814814816 0.13275862068965516 0.13518518518518519
3 0.20581896551724138 0.7347222222222223 0.028879310344827585 0.06944444444444445
2 0.2497844827586207 0.6541666666666667 0.06508620689655173 0.11018518518518519
0 0.31573275862068967 0.7726851851851853 0.15301724137931033 0.10833333333333334
0 0.8896551724137931 0.562962962962963 0.11293103448275862 0.12222222222222223
2 0.5786637931034483 0.5888888888888889 0.039224137931034485 0.05185185185185186
2 0.6 0.7069444444444445 0.02586206896551724 0.04722222222222222