2 0.089125 0.5911666666666666 0.05775 0.11166666666666666
2 0.18375 0.6071666666666666 0.0385 0.107
2 0.15325 0.6871666666666666 0.0385 0.043
2 0.16775 0.7543333333333333 0.0225 0.034666666666666665
2 0.19875 0.7398333333333333 0.04 0.09833333333333333
0 0.37125 0.7906666666666666 0.1015 0.11133333333333333
0 0.36775 0.49416666666666664 0.0755 0.111
0 0.938625 0.41983333333333334 0.09375 0.050333333333333334
2 0.859375 0.5918333333333333 0.03175 0.033666666666666664
2 0.877375 0.6144999999999999 0.02475 0.027666666666666666
0 0.68225 0.8338333333333333 0.11900000000000001 0.123
2 0.581875 0.8413333333333333 0.06925 0.09466666666666666
3 0.533375 0.8356666666666667 0.025750000000000002 0.048666666666666664