0 0.30366379310344827 0.022685185185185187 0.08922413793103448 0.04537037037037037
2 0.13254310344827586 0.06296296296296297 0.07543103448275862 0.06481481481481481
2 0.12456896551724138 0.025 0.030172413793103446 0.04259259259259259
2 0.0855603448275862 0.047685185185185185 0.04439655172413793 0.09537037037037037
2 0.05193965517241379 0.05462962962962963 0.07112068965517242 0.10925925925925926
0 0.12219827586206897 0.2611111111111111 0.13663793103448277 0.11666666666666667
2 0.2538793103448276 0.4740740740740741 0.06379310344827586 0.10740740740740741
0 0.35625 0.5486111111111112 0.15560344827586206 0.125
2 0.5926724137931034 0.3703703703703704 0.03620689655172414 0.05555555555555556
2 0.6109913793103449 0.47685185185185186 0.02543103448275862 0.04259259259259259
0 0.9114224137931034 0.42638888888888893 0.10560344827586207 0.13796296296296298