0 0.41206896551724137 0.4671296296296297 0.08362068965517241 0.10833333333333334
0 0.23922413793103448 0.7310185185185185 0.10689655172413792 0.09722222222222222
2 0.19375 0.4916666666666667 0.029741379310344828 0.09074074074074075
2 0.17693965517241378 0.40601851851851856 0.06163793103448276 0.11388888888888889
2 0.24375 0.5231481481481481 0.0875 0.07222222222222223
2 0.25538793103448276 0.48333333333333334 0.028017241379310345 0.0462962962962963
2 0.36918103448275863 0.9416666666666667 0.06594827586206896 0.11481481481481481
0 0.44719827586206895 0.9791666666666667 0.10129310344827586 0.03981481481481482
3 0.3275862068965517 0.9731481481481482 0.01982758620689655 0.03518518518518519
2 0.7006465517241379 0.9060185185185186 0.046120689655172416 0.11944444444444445
2 0.709051724137931 0.9833333333333334 0.029310344827586206 0.031481481481481485
0 0.969396551724138 0.8587962962962963 0.06034482758620689 0.09907407407407408
0 0.12370689655172414 0.27824074074074073 0.06465517241379311 0.0638888888888889
2 0.0584051724137931 0.39722222222222225 0.030603448275862068 0.05