2 0.7551724137931034 0.6154953917050692 0.028017241379310345 0.058179723502304145
2 0.6244612068965517 0.6232718894009217 0.032543103448275865 0.05069124423963134
0 0.5665948275862069 0.7122695852534562 0.04913793103448276 0.04377880184331797
0 0.5317887931034483 0.3630472350230415 0.0834051724137931 0.06595622119815668
0 0.46497844827586204 0.5223214285714286 0.08728448275862069 0.05558755760368664
0 0.4816810344827586 0.5560195852534562 0.0668103448275862 0.07286866359447004
2 0.1566810344827586 0.6620103686635944 0.03146551724137931 0.07574884792626728
0 0.27704741379310344 0.21399769585253456 0.06918103448275861 0.05357142857142857
0 0.8725215517241379 0.6699308755760368 0.11487068965517241 0.05241935483870968
0 0.9928879310344827 0.2970910138248848 0.013793103448275862 0.028513824884792628
2 0.9867456896551724 0.1314804147465438 0.026077586206896552 0.015264976958525345
4 0.6098060344827586 0.6733870967741935 0.05021551724137931 0.061635944700460826