0 0.11745689655172413 0.1550925925925926 0.05560344827586207 0.05092592592592593
2 0.04030172413793103 0.26342592592592595 0.02543103448275862 0.028703703703703703
2 0.12284482758620689 0.34074074074074073 0.041379310344827586 0.05555555555555556
2 0.17844827586206896 0.2865740740740741 0.028448275862068967 0.10833333333333334
2 0.23211206896551723 0.36064814814814816 0.02456896551724138 0.036111111111111115
2 0.2331896551724138 0.39305555555555555 0.08362068965517241 0.06574074074074074
0 0.4023706896551724 0.3458333333333333 0.08663793103448275 0.09722222222222222
0 0.2355603448275862 0.6050925925925926 0.12198275862068965 0.10277777777777779
3 0.32198275862068965 0.8481481481481482 0.03103448275862069 0.05740740740740741
2 0.3769396551724138 0.7925925925925926 0.06163793103448276 0.10740740740740741
0 0.45991379310344827 0.913888888888889 0.13879310344827586 0.12962962962962962
2 0.6790948275862069 0.7726851851851853 0.039224137931034485 0.05277777777777778
2 0.6853448275862069 0.8726851851851852 0.02672413793103448 0.04537037037037037
0 0.9523706896551724 0.737962962962963 0.09439655172413793 0.14074074074074075