2 0.4903846153846154 0.4795673076923077 0.09134615384615385 0.09855769230769232
0 0.5973557692307693 0.48197115384615385 0.09855769230769232 0.12259615384615385
0 0.40024038461538464 0.5372596153846154 0.12740384615384617 0.09375
0 0.6129807692307693 0.703125 0.2644230769230769 0.2139423076923077
0 0.4447115384615385 0.2451923076923077 0.12980769230769232 0.11057692307692309
0 0.4086538461538462 0.34855769230769235 0.1201923076923077 0.07692307692307693
3 0.33653846153846156 0.0889423076923077 0.06730769230769232 0.07211538461538462
4 0.28605769230769235 0.06490384615384616 0.11057692307692309 0.08173076923076923
4 0.37980769230769235 0.11298076923076923 0.10576923076923078 0.08653846153846154
4 0.530048076923077 0.19951923076923078 0.18028846153846154 0.10096153846153846
4 0.3425480769230769 0.2716346153846154 0.18509615384615385 0.10096153846153846
4 0.5913461538461539 0.34615384615384615 0.10096153846153846 0.07211538461538462
4 0.5204326923076923 0.609375 0.19951923076923078 0.13701923076923078
4 0.5072115384615384 0.3293269230769231 0.06730769230769232 0.04807692307692308