2 0.4903846153846154 0.7391826923076924 0.125 0.11298076923076923
2 0.890625 0.8377403846153847 0.1466346153846154 0.08413461538461539
2 0.7463942307692308 0.7235576923076924 0.11298076923076923 0.14423076923076925
2 0.6045673076923077 0.6911057692307693 0.11298076923076923 0.13221153846153846
2 0.44711538461538464 0.6478365384615385 0.1201923076923077 0.07451923076923077
2 0.44711538461538464 0.5360576923076923 0.07692307692307693 0.1201923076923077
2 0.5276442307692308 0.5588942307692308 0.10817307692307693 0.06490384615384616
2 0.6466346153846154 0.561298076923077 0.11538461538461539 0.06971153846153846
2 0.7584134615384616 0.48918269230769235 0.09855769230769232 0.09375
2 0.8401442307692308 0.4254807692307693 0.07451923076923077 0.057692307692307696
2 0.53125 0.46634615384615385 0.15384615384615385 0.10096153846153846
2 0.39903846153846156 0.44591346153846156 0.11057692307692309 0.06009615384615385
2 0.30528846153846156 0.41105769230769235 0.057692307692307696 0.09134615384615385
2 0.2403846153846154 0.44230769230769235 0.08173076923076923 0.08173076923076923
2 0.3665865384615385 0.2920673076923077 0.06009615384615385 0.0889423076923077
2 0.5012019230769231 0.2800480769230769 0.09375 0.05528846153846154
2 0.48557692307692313 0.2355769230769231 0.09134615384615385 0.038461538461538464
2 0.4098557692307693 0.1622596153846154 0.06971153846153846 0.06490384615384616
2 0.3701923076923077 0.1778846153846154 0.05288461538461539 0.028846153846153848
2 0.21634615384615385 0.1622596153846154 0.08173076923076923 0.06490384615384616
2 0.19230769230769232 0.23197115384615385 0.0625 0.07451923076923077
2 0.6610576923076923 0.3557692307692308 0.07692307692307693 0.08173076923076923
2 0.6033653846153847 0.3557692307692308 0.08653846153846154 0.08173076923076923