2 0.5889423076923077 0.6033653846153847 0.07692307692307693 0.04326923076923077
2 0.6995192307692308 0.5853365384615385 0.03365384615384616 0.06490384615384616
2 0.6682692307692308 0.5973557692307693 0.038461538461538464 0.06490384615384616
2 0.5637019230769231 0.7776442307692308 0.03605769230769231 0.0889423076923077
2 0.4639423076923077 0.6766826923076923 0.0625 0.03605769230769231
2 0.4086538461538462 0.5877403846153847 0.07211538461538462 0.05048076923076923
2 0.5024038461538461 0.5552884615384616 0.057692307692307696 0.10096153846153846
2 0.4122596153846154 0.5324519230769231 0.10817307692307693 0.06971153846153846
2 0.33774038461538464 0.4987980769230769 0.09375 0.03605769230769231
2 0.7692307692307693 0.48557692307692313 0.02403846153846154 0.06730769230769232
2 0.7247596153846154 0.47836538461538464 0.03605769230769231 0.0625
2 0.6899038461538461 0.46875 0.05288461538461539 0.05288461538461539
2 0.655048076923077 0.4603365384615385 0.03125 0.05528846153846154
2 0.5084134615384616 0.4603365384615385 0.07451923076923077 0.040865384615384616
2 0.8569711538461539 0.46875 0.08413461538461539 0.038461538461538464
2 0.8846153846153847 0.39903846153846156 0.028846153846153848 0.05288461538461539
2 0.4290865384615385 0.4483173076923077 0.06490384615384616 0.07932692307692309
2 0.3774038461538462 0.4399038461538462 0.028846153846153848 0.057692307692307696
2 0.3497596153846154 0.4519230769230769 0.03605769230769231 0.04807692307692308
2 0.7848557692307693 0.38341346153846156 0.03125 0.06490384615384616
2 0.30649038461538464 0.3497596153846154 0.07451923076923077 0.03605769230769231
2 0.27524038461538464 0.4026442307692308 0.06009615384615385 0.07932692307692309
2 0.45793269230769235 0.125 0.06009615384615385 0.05288461538461539
2 0.29927884615384615 0.2608173076923077 0.06009615384615385 0.05528846153846154
2 0.2091346153846154 0.2764423076923077 0.07692307692307693 0.03365384615384616
2 0.5048076923076923 0.01682692307692308 0.06730769230769232 0.028846153846153848
2 0.6682692307692308 0.1826923076923077 0.028846153846153848 0.057692307692307696
2 0.6466346153846154 0.15625 0.03365384615384616 0.057692307692307696
2 0.4903846153846154 0.24639423076923078 0.02403846153846154 0.040865384615384616
2 0.4651442307692308 0.25480769230769235 0.05528846153846154 0.028846153846153848
4 0.35216346153846156 0.1983173076923077 0.07932692307692309 0.04567307692307693