2 0.2451923076923077 0.608173076923077 0.10096153846153846 0.4086538461538462
2 0.3449519230769231 0.7151442307692308 0.10817307692307693 0.34855769230769235
2 0.4242788461538462 0.8353365384615385 0.07451923076923077 0.14182692307692307
2 0.4603365384615385 0.7788461538461539 0.07932692307692309 0.2403846153846154
2 0.8557692307692308 0.734375 0.15865384615384617 0.19951923076923078
2 0.8858173076923077 0.14182692307692307 0.12259615384615385 0.2644230769230769
2 0.7199519230769231 0.14543269230769232 0.18509615384615385 0.29086538461538464
2 0.6514423076923077 0.3557692307692308 0.08173076923076923 0.21634615384615385
2 0.6850961538461539 0.5168269230769231 0.10096153846153846 0.2403846153846154
2 0.561298076923077 0.42307692307692313 0.07451923076923077 0.2355769230769231
2 0.3894230769230769 0.35697115384615385 0.16346153846153846 0.2956730769230769
2 0.4879807692307693 0.578125 0.07211538461538462 0.21875
2 0.3978365384615385 0.5432692307692308 0.07932692307692309 0.20673076923076925