1 0.6201923076923077 0.3293269230769231 0.11538461538461539 0.4567307692307693
1 0.5408653846153847 0.5540865384615385 0.21634615384615385 0.3293269230769231
1 0.8533653846153847 0.5793269230769231 0.15384615384615385 0.23076923076923078
1 0.920673076923077 0.6466346153846154 0.15384615384615385 0.12980769230769232
1 0.11899038461538462 0.3557692307692308 0.09855769230769232 0.38461538461538464
1 0.06370192307692309 0.32091346153846156 0.12740384615384617 0.3918269230769231
1 0.1670673076923077 0.5492788461538461 0.21875 0.3870192307692308
1 0.24278846153846156 0.5757211538461539 0.21634615384615385 0.3341346153846154
1 0.37980769230769235 0.6622596153846154 0.2980769230769231 0.1466346153846154
1 0.43870192307692313 0.3233173076923077 0.21875 0.13701923076923078
1 0.34134615384615385 0.3870192307692308 0.15384615384615385 0.19711538461538464
1 0.5396634615384616 0.20673076923076925 0.07451923076923077 0.2644230769230769
1 0.4375 0.14543269230769232 0.2644230769230769 0.2668269230769231
1 0.27043269230769235 0.11177884615384616 0.2043269230769231 0.21875
1 0.026442307692307696 0.6382211538461539 0.05288461538461539 0.22355769230769232