1 0.09495192307692309 0.33774038461538464 0.06490384615384616 0.1514423076923077
1 0.26802884615384615 0.45072115384615385 0.18509615384615385 0.18509615384615385
1 0.18389423076923078 0.5012019230769231 0.10817307692307693 0.03605769230769231
1 0.2295673076923077 0.5204326923076923 0.06009615384615385 0.040865384615384616
1 0.29086538461538464 0.6117788461538461 0.0625 0.0889423076923077
1 0.4567307692307693 0.733173076923077 0.08173076923076923 0.07692307692307693
1 0.5168269230769231 0.7728365384615385 0.038461538461538464 0.12259615384615385
1 0.6045673076923077 0.8353365384615385 0.040865384615384616 0.10336538461538462
1 0.6646634615384616 0.7872596153846154 0.05528846153846154 0.09855769230769232
1 0.8052884615384616 0.5432692307692308 0.2403846153846154 0.09134615384615385
1 0.7367788461538461 0.46274038461538464 0.2139423076923077 0.06490384615384616
1 0.5637019230769231 0.5108173076923077 0.15625 0.11298076923076923
1 0.71875 0.3137019230769231 0.21153846153846156 0.19951923076923078
1 0.6021634615384616 0.3713942307692308 0.05528846153846154 0.16105769230769232
1 0.5264423076923077 0.41586538461538464 0.09134615384615385 0.25480769230769235
1 0.4278846153846154 0.46995192307692313 0.15384615384615385 0.19951923076923078
1 0.3653846153846154 0.3161057692307693 0.22115384615384617 0.24278846153846156
1 0.4651442307692308 0.3233173076923077 0.17548076923076925 0.12740384615384617