1 0.5949519230769231 0.5552884615384616 0.6322115384615385 0.25961538461538464
1 0.3317307692307693 0.8004807692307693 0.4086538461538462 0.3942307692307693
1 0.09975961538461539 0.6069711538461539 0.19951923076923078 0.2043269230769231
1 0.13221153846153846 0.5024038461538461 0.2644230769230769 0.11057692307692309
1 0.10576923076923078 0.4495192307692308 0.1875 0.057692307692307696
1 0.36899038461538464 0.3269230769230769 0.14182692307692307 0.125
1 0.639423076923077 0.3137019230769231 0.4567307692307693 0.19951923076923078
1 0.5745192307692308 0.2295673076923077 0.3653846153846154 0.06971153846153846
1 0.6850961538461539 0.18389423076923078 0.27884615384615385 0.06490384615384616
1 0.3040865384615385 0.18509615384615385 0.10817307692307693 0.057692307692307696
1 0.20793269230769232 0.21754807692307693 0.07932692307692309 0.0889423076923077