1 0.3161057692307693 0.5528846153846154 0.19471153846153846 0.17307692307692307
1 0.47836538461538464 0.7896634615384616 0.12980769230769232 0.2764423076923077
1 0.8966346153846154 0.71875 0.08653846153846154 0.19711538461538464
1 0.8209134615384616 0.9326923076923077 0.08413461538461539 0.12980769230769232
1 0.0889423076923077 0.6454326923076923 0.1201923076923077 0.19471153846153846
1 0.33293269230769235 0.36418269230769235 0.19471153846153846 0.16586538461538464
1 0.4050480769230769 0.4747596153846154 0.06971153846153846 0.16105769230769232
1 0.4915865384615385 0.4807692307692308 0.09375 0.1778846153846154
1 0.78125 0.2776442307692308 0.08653846153846154 0.24278846153846156
1 0.6430288461538461 0.18028846153846154 0.08413461538461539 0.20192307692307693
1 0.5588942307692308 0.27403846153846156 0.08413461538461539 0.21153846153846156