1 0.4242788461538462 0.2644230769230769 0.17548076923076925 0.09134615384615385
1 0.670673076923077 0.33052884615384615 0.1778846153846154 0.1514423076923077
1 0.6213942307692308 0.4242788461538462 0.15625 0.14182692307692307
1 0.484375 0.4495192307692308 0.19471153846153846 0.057692307692307696
1 0.4651442307692308 0.35697115384615385 0.16586538461538464 0.09375
1 0.23076923076923078 0.38822115384615385 0.13461538461538464 0.07932692307692309
1 0.1983173076923077 0.3341346153846154 0.16105769230769232 0.07211538461538462
1 0.41105769230769235 0.639423076923077 0.09134615384615385 0.22115384615384617
1 0.3353365384615385 0.6634615384615385 0.10336538461538462 0.16346153846153846
1 0.29447115384615385 0.6694711538461539 0.07932692307692309 0.18509615384615385
1 0.17908653846153846 0.6814903846153847 0.17067307692307693 0.14182692307692307
1 0.20552884615384617 0.7475961538461539 0.1466346153846154 0.06730769230769232
1 0.14423076923076925 0.796875 0.13942307692307693 0.09855769230769232
1 0.15264423076923078 0.8954326923076924 0.18990384615384617 0.16586538461538464
1 0.7391826923076924 0.9399038461538463 0.2764423076923077 0.11538461538461539
1 0.8846153846153847 0.8641826923076924 0.22596153846153846 0.10336538461538462
1 0.9543269230769231 0.6682692307692308 0.08653846153846154 0.2692307692307693
1 0.6778846153846154 0.5625 0.15865384615384617 0.14903846153846154
1 0.22716346153846156 0.45432692307692313 0.1466346153846154 0.125
1 0.28365384615384615 0.514423076923077 0.11538461538461539 0.1875
1 0.021634615384615384 0.7716346153846154 0.04326923076923077 0.21634615384615385
1 0.35697115384615385 0.7752403846153847 0.14182692307692307 0.11298076923076923
1 0.3233173076923077 0.8557692307692308 0.06971153846153846 0.12980769230769232