1 0.28605769230769235 0.6045673076923077 0.05288461538461539 0.10817307692307693
1 0.39903846153846156 0.6274038461538461 0.1201923076923077 0.04807692307692308
1 0.3713942307692308 0.6802884615384616 0.06971153846153846 0.09134615384615385
1 0.4447115384615385 0.7415865384615385 0.13461538461538464 0.040865384615384616
1 0.46634615384615385 0.8040865384615385 0.125 0.09375
1 0.4831730769230769 0.8497596153846154 0.15865384615384617 0.08413461538461539
1 0.39543269230769235 0.8125 0.040865384615384616 0.07211538461538462
1 0.7848557692307693 0.701923076923077 0.09855769230769232 0.07211538461538462
1 0.7788461538461539 0.734375 0.13461538461538464 0.05048076923076923
1 0.7512019230769231 0.9158653846153847 0.05528846153846154 0.16346153846153846
1 0.29927884615384615 0.4362980769230769 0.04567307692307693 0.040865384615384616
1 0.33774038461538464 0.12980769230769232 0.040865384615384616 0.019230769230769232
1 0.3473557692307693 0.1935096153846154 0.040865384615384616 0.01682692307692308
1 0.3942307692307693 0.0733173076923077 0.038461538461538464 0.01682692307692308