1 0.203125 0.5637019230769231 0.3341346153846154 0.2956730769230769
1 0.3617788461538462 0.4290865384615385 0.16586538461538464 0.4014423076923077
1 0.514423076923077 0.5853365384615385 0.06730769230769232 0.25240384615384615
1 0.6009615384615385 0.65625 0.11057692307692309 0.06730769230769232
1 0.6742788461538461 0.6959134615384616 0.11778846153846155 0.06971153846153846
1 0.13822115384615385 0.7043269230769231 0.12740384615384617 0.10576923076923078
1 0.23197115384615385 0.7391826923076924 0.08413461538461539 0.11298076923076923
1 0.140625 0.9086538461538463 0.06490384615384616 0.1778846153846154
1 0.07932692307692309 0.8954326923076924 0.0625 0.2043269230769231
1 0.4795673076923077 0.8329326923076924 0.09855769230769232 0.09375
1 0.8413461538461539 0.4651442307692308 0.12980769230769232 0.09375
1 0.8016826923076924 0.5913461538461539 0.12259615384615385 0.04807692307692308