1 0.6165865384615385 0.35336538461538464 0.15625 0.14423076923076925
1 0.6370192307692308 0.4711538461538462 0.06730769230769232 0.16826923076923078
1 0.9230769230769231 0.4242788461538462 0.07211538461538462 0.07451923076923077
1 0.920673076923077 0.2620192307692308 0.06730769230769232 0.09615384615384616
1 0.6754807692307693 0.1622596153846154 0.05288461538461539 0.07451923076923077
1 0.7115384615384616 0.09495192307692309 0.04807692307692308 0.09375
1 0.8125 0.09134615384615385 0.04326923076923077 0.09134615384615385
1 0.9651442307692308 0.08653846153846154 0.03605769230769231 0.09134615384615385
1 0.9122596153846154 0.18149038461538464 0.04567307692307693 0.04567307692307693
1 0.9146634615384616 0.13221153846153846 0.06490384615384616 0.03365384615384616
1 0.5661057692307693 0.16826923076923078 0.05528846153846154 0.07211538461538462
1 0.45793269230769235 0.1983173076923077 0.06971153846153846 0.04567307692307693
1 0.4399038461538462 0.28605769230769235 0.03365384615384616 0.10096153846153846
1 0.41586538461538464 0.030048076923076924 0.04326923076923077 0.06009615384615385
1 0.3076923076923077 0.23317307692307693 0.0625 0.038461538461538464
1 0.22596153846153846 0.23197115384615385 0.04326923076923077 0.08413461538461539
1 0.20072115384615385 0.2247596153846154 0.04567307692307693 0.09375
1 0.21274038461538464 0.3545673076923077 0.03125 0.09855769230769232
1 0.375 0.3737980769230769 0.07211538461538462 0.07451923076923077
1 0.31730769230769235 0.4555288461538462 0.05288461538461539 0.10336538461538462
1 0.796875 0.6370192307692308 0.05528846153846154 0.1201923076923077
1 0.9795673076923077 0.6694711538461539 0.03605769230769231 0.09375
1 0.9543269230769231 0.6454326923076923 0.028846153846153848 0.08413461538461539
1 0.16105769230769232 0.10817307692307693 0.08653846153846154 0.038461538461538464
1 0.39543269230769235 0.9375 0.16105769230769232 0.09134615384615385
1 0.59375 0.8882211538461539 0.04807692307692308 0.2139423076923077
1 0.2764423076923077 0.5540865384615385 0.04807692307692308 0.12740384615384617
1 0.75 0.920673076923077 0.08173076923076923 0.07211538461538462
1 0.6622596153846154 0.9507211538461539 0.09375 0.05528846153846154
1 0.6790865384615385 0.7620192307692308 0.040865384615384616 0.125
1 0.4338942307692308 0.7199519230769231 0.17548076923076925 0.17548076923076925
1 0.6887019230769231 0.6382211538461539 0.04567307692307693 0.09375
1 0.639423076923077 0.655048076923077 0.06730769230769232 0.07932692307692309
1 0.5576923076923077 0.7752403846153847 0.04326923076923077 0.17548076923076925
1 0.27403846153846156 0.8473557692307693 0.07211538461538462 0.08413461538461539
1 0.26802884615384615 0.9194711538461539 0.09855769230769232 0.05528846153846154
1 0.18629807692307693 0.8966346153846154 0.07451923076923077 0.09615384615384616
1 0.2932692307692308 0.6490384615384616 0.07211538461538462 0.10576923076923078
1 0.23076923076923078 0.7872596153846154 0.0625 0.06009615384615385
1 0.1670673076923077 0.7427884615384616 0.06490384615384616 0.04807692307692308
1 0.15384615384615385 0.6899038461538461 0.07211538461538462 0.038461538461538464
1 0.20552884615384617 0.6754807692307693 0.06971153846153846 0.04326923076923077
1 0.19591346153846154 0.6153846153846154 0.05528846153846154 0.07692307692307693
1 0.15625 0.5396634615384616 0.06730769230769232 0.0889423076923077
1 0.06009615384615385 0.9002403846153847 0.1201923076923077 0.14182692307692307
1 0.08413461538461539 0.9639423076923077 0.13461538461538464 0.0625
1 0.47716346153846156 0.4242788461538462 0.06490384615384616 0.08413461538461539
1 0.5348557692307693 0.5649038461538461 0.04567307692307693 0.09134615384615385
1 0.4963942307692308 0.5576923076923077 0.03605769230769231 0.09134615384615385
1 0.6490384615384616 0.056490384615384616 0.038461538461538464 0.0889423076923077
1 0.12139423076923078 0.3293269230769231 0.05048076923076923 0.0625
1 0.04326923076923077 0.5913461538461539 0.0625 0.05288461538461539
1 0.05168269230769231 0.23197115384615385 0.06971153846153846 0.08413461538461539
1 0.05528846153846154 0.1514423076923077 0.057692307692307696 0.0625