1 0.19711538461538464 0.7235576923076924 0.16346153846153846 0.08653846153846154
1 0.17908653846153846 0.670673076923077 0.09855769230769232 0.05288461538461539
1 0.17668269230769232 0.39903846153846156 0.07932692307692309 0.05288461538461539
1 0.17307692307692307 0.34375 0.028846153846153848 0.05288461538461539
1 0.18629807692307693 0.24278846153846156 0.040865384615384616 0.038461538461538464
1 0.22115384615384617 0.24399038461538464 0.04807692307692308 0.03125
1 0.28125 0.10096153846153846 0.06730769230769232 0.038461538461538464
1 0.31009615384615385 0.07692307692307693 0.057692307692307696 0.05288461538461539
1 0.32572115384615385 0.43028846153846156 0.10817307692307693 0.07692307692307693
1 0.4278846153846154 0.5180288461538461 0.04807692307692308 0.06971153846153846
1 0.5264423076923077 0.5492788461538461 0.07211538461538462 0.06971153846153846
1 0.5901442307692308 0.5480769230769231 0.07451923076923077 0.04807692307692308
1 0.31009615384615385 0.3786057692307693 0.10096153846153846 0.05048076923076923
1 0.6274038461538461 0.34375 0.10096153846153846 0.04326923076923077
1 0.578125 0.35697115384615385 0.040865384615384616 0.06009615384615385
1 0.609375 0.2091346153846154 0.06490384615384616 0.06730769230769232
1 0.48557692307692313 0.26322115384615385 0.10096153846153846 0.04567307692307693
1 0.46875 0.32091346153846156 0.0625 0.06009615384615385
1 0.8605769230769231 0.3389423076923077 0.038461538461538464 0.11057692307692309
1 0.8966346153846154 0.3617788461538462 0.028846153846153848 0.06971153846153846
1 0.8305288461538461 0.45432692307692313 0.06009615384615385 0.038461538461538464
1 0.7788461538461539 0.46995192307692313 0.038461538461538464 0.06009615384615385
1 0.5336538461538461 0.4495192307692308 0.04326923076923077 0.05288461538461539
1 0.46634615384615385 0.45432692307692313 0.04326923076923077 0.04326923076923077
1 0.4338942307692308 0.44591346153846156 0.026442307692307696 0.04567307692307693
1 0.6610576923076923 0.46274038461538464 0.09134615384615385 0.040865384615384616
1 0.7788461538461539 0.546875 0.07692307692307693 0.040865384615384616