1 0.5528846153846154 0.4747596153846154 0.4375 0.17067307692307693
1 0.22596153846153846 0.36899038461538464 0.25961538461538464 0.09375
1 0.1826923076923077 0.5817307692307693 0.16826923076923078 0.16346153846153846
1 0.6682692307692308 0.1670673076923077 0.1826923076923077 0.09855769230769232
1 0.7067307692307693 0.27884615384615385 0.15384615384615385 0.17307692307692307
1 0.859375 0.6213942307692308 0.18990384615384617 0.2620192307692308
1 0.9026442307692308 0.7836538461538461 0.17548076923076925 0.19711538461538464
1 0.7932692307692308 0.7608173076923077 0.13942307692307693 0.06009615384615385
1 0.7151442307692308 0.795673076923077 0.2043269230769231 0.19230769230769232
1 0.6754807692307693 0.8293269230769231 0.13942307692307693 0.13942307692307693
1 0.5552884615384616 0.8605769230769231 0.16826923076923078 0.09615384615384616
1 0.7944711538461539 0.936298076923077 0.23317307692307693 0.09855769230769232
1 0.4963942307692308 0.3858173076923077 0.09855769230769232 0.12740384615384617