4 0.9500000000000001 0.628125 0.021875000000000002 0.03125
3 0.95859375 0.68671875 0.035937500000000004 0.0203125
3 0.9390625 0.69140625 0.021875000000000002 0.029687500000000002
3 0.94140625 0.721875 0.0234375 0.021875000000000002
3 0.8671875 0.95625 0.025 0.009375000000000001
3 0.7468750000000001 0.8578125000000001 0.040625 0.037500000000000006
3 0.721875 0.6546875000000001 0.028125 0.018750000000000003
3 0.5750000000000001 0.58046875 0.043750000000000004 0.026562500000000003
3 0.7078125000000001 0.45234375000000004 0.037500000000000006 0.035937500000000004
3 0.696875 0.39765625000000004 0.040625 0.0328125
4 0.7875000000000001 0.1234375 0.040625 0.08125