4 0.80859375 0.15156250000000002 0.0765625 0.037500000000000006
3 0.5828125000000001 0.32265625000000003 0.03125 0.0484375
3 0.52578125 0.32265625000000003 0.029687500000000002 0.0390625
3 0.43515625 0.5007812500000001 0.0171875 0.0328125
3 0.3203125 0.33437500000000003 0.03125 0.037500000000000006
3 0.1125 0.33984375 0.037500000000000006 0.0484375
3 0.003125 0.246875 0.00625 0.043750000000000004
3 0.18671875000000002 0.0859375 0.0390625 0.03125
3 0.24453125 0.07421875 0.0234375 0.035937500000000004
3 0.22734375 0.09296875 0.0203125 0.029687500000000002
4 0.28671875 0.08203125 0.029687500000000002 0.0140625