3 0.8921875 0.81796875 0.040625 0.045312500000000006
3 0.83359375 0.9078125 0.035937500000000004 0.053125000000000006
3 0.7507812500000001 0.7828125 0.0421875 0.040625
4 0.5375 0.521875 0.05625 0.037500000000000006
3 0.34296875000000004 0.290625 0.0078125 0.0125
3 0.36875 0.59140625 0.018750000000000003 0.0234375
4 0.5359375000000001 0.7429687500000001 0.043750000000000004 0.035937500000000004
3 0.21953125 0.43515625 0.0140625 0.0171875
3 0.22734375 0.40234375 0.0140625 0.0140625
4 0.23359375000000002 0.28046875 0.026562500000000003 0.0140625
4 0.06953125 0.33359375 0.010937500000000001 0.010937500000000001