2 0.82421875 0.41640625000000003 0.060937500000000006 0.0671875
2 0.80078125 0.4625 0.0484375 0.07187500000000001
2 0.6734375 0.371875 0.028125 0.028125
2 0.67890625 0.31875000000000003 0.035937500000000004 0.040625
2 0.7429687500000001 0.62109375 0.0703125 0.0734375
4 0.8703125 0.6484375 0.037500000000000006 0.065625
2 0.6351562500000001 0.4703125 0.035937500000000004 0.03125
2 0.57265625 0.45156250000000003 0.035937500000000004 0.07187500000000001
2 0.55234375 0.4765625 0.035937500000000004 0.08125
2 0.46875 0.46406250000000004 0.03125 0.07500000000000001
2 0.5085937500000001 0.6703125000000001 0.035937500000000004 0.10312500000000001
2 0.434375 0.6046875 0.025 0.065625
2 0.45546875000000003 0.5203125000000001 0.045312500000000006 0.078125
4 0.31328125 0.46328125000000003 0.0546875 0.051562500000000004
4 0.278125 0.47187500000000004 0.028125 0.018750000000000003
4 0.34140625 0.49843750000000003 0.026562500000000003 0.046875
4 0.4109375 0.39687500000000003 0.018750000000000003 0.034375
2 0.35703125 0.5578125 0.0234375 0.09062500000000001
4 0.15703125 0.45625000000000004 0.08281250000000001 0.08125
2 0.10234375000000001 0.39296875000000003 0.035937500000000004 0.060937500000000006
2 0.0921875 0.465625 0.06875 0.053125000000000006
2 0.00703125 0.4921875 0.0140625 0.037500000000000006
2 0.029687500000000002 0.44843750000000004 0.059375000000000004 0.059375000000000004