3 0.24375000000000002 0.9296875 0.046875 0.043750000000000004
3 0.15156250000000002 0.8851562500000001 0.053125000000000006 0.0390625
3 0.25859375 0.79296875 0.0421875 0.0421875
4 0.47421875 0.55625 0.0421875 0.05625
3 0.6664062500000001 0.34375 0.0140625 0.009375000000000001
3 0.38828125 0.4078125 0.0234375 0.018750000000000003
4 0.2671875 0.584375 0.037500000000000006 0.043750000000000004
3 0.51484375 0.24765625000000002 0.0171875 0.0140625
3 0.546875 0.25 0.015625 0.015625
4 0.6609375000000001 0.240625 0.015625 0.025
4 0.58984375 0.09296875 0.010937500000000001 0.010937500000000001