3 0.43671875000000004 0.30234375 0.0328125 0.035937500000000004
4 0.48359375000000004 0.30312500000000003 0.060937500000000006 0.05625
4 0.55234375 0.24921875000000002 0.0484375 0.0484375
4 0.45937500000000003 0.13828125 0.03125 0.035937500000000004
2 0.6046875 0.42031250000000003 0.06875 0.053125000000000006
2 0.4609375 0.34218750000000003 0.06875 0.034375
2 0.49453125000000003 0.5171875 0.0328125 0.053125000000000006
2 0.5078125 0.446875 0.037500000000000006 0.05625
2 0.70234375 0.52890625 0.0328125 0.035937500000000004
2 0.5328125 0.5875 0.05625 0.05
2 0.5578125 0.6234375000000001 0.028125 0.034375
3 0.54453125 0.7718750000000001 0.0203125 0.015625