3 0.56640625 0.28359375000000003 0.0234375 0.0328125
4 0.51328125 0.29296875 0.0484375 0.0546875
4 0.46406250000000004 0.27109375 0.043750000000000004 0.0484375
4 0.421875 0.39453125 0.065625 0.0546875
4 0.56171875 0.14375000000000002 0.029687500000000002 0.034375
2 0.5750000000000001 0.37343750000000003 0.018750000000000003 0.021875000000000002
2 0.49062500000000003 0.41796875 0.028125 0.0546875
2 0.546875 0.31171875000000004 0.05 0.0703125
2 0.3125 0.4859375 0.034375 0.037500000000000006
2 0.525 0.4890625 0.040625 0.05
3 0.43359375 0.7484375000000001 0.0234375 0.018750000000000003