3 0.7046875 0.48359375000000004 0.037500000000000006 0.035937500000000004
2 0.48359375000000004 0.42421875000000003 0.045312500000000006 0.0546875
2 0.6179687500000001 0.43515625 0.0328125 0.026562500000000003
2 0.6882812500000001 0.51015625 0.0765625 0.0765625
2 0.40859375000000003 0.6820312500000001 0.0421875 0.035937500000000004
2 0.3640625 0.4734375 0.043750000000000004 0.037500000000000006
4 0.5359375000000001 0.6078125000000001 0.0625 0.08125
4 0.67109375 0.55 0.060937500000000006 0.059375000000000004
4 0.675 0.61484375 0.05625 0.051562500000000004
4 0.8796875000000001 0.6140625000000001 0.043750000000000004 0.040625
2 0.54140625 0.496875 0.045312500000000006 0.043750000000000004
3 0.21250000000000002 0.3984375 0.021875000000000002 0.025