3 0.4859375 0.3125 0.028125 0.03125
4 0.53359375 0.32421875 0.0546875 0.0484375
4 0.6109375 0.28515625 0.040625 0.0421875
4 0.5421875 0.15546875000000002 0.025 0.0328125
2 0.6265625 0.46484375 0.0625 0.045312500000000006
2 0.5007812500000001 0.35859375000000004 0.0671875 0.0234375
2 0.49765625 0.5359375000000001 0.026562500000000003 0.05
2 0.52734375 0.4703125 0.029687500000000002 0.053125000000000006
2 0.7000000000000001 0.5921875 0.028125 0.03125
2 0.5203125000000001 0.61328125 0.05 0.0421875
2 0.5375 0.6531250000000001 0.021875000000000002 0.03125
3 0.49375 0.796875 0.018750000000000003 0.0125