3 0.6937500000000001 0.5171875 0.03125 0.028125
2 0.46640625 0.5140625 0.035937500000000004 0.046875
2 0.596875 0.49140625000000004 0.028125 0.0203125
2 0.68359375 0.546875 0.06406250000000001 0.0625
2 0.36250000000000004 0.5890625 0.037500000000000006 0.028125
4 0.5609375 0.6765625000000001 0.046875 0.07187500000000001
4 0.67578125 0.5890625 0.051562500000000004 0.05
4 0.6953125 0.6492187500000001 0.046875 0.0421875
4 0.890625 0.6015625 0.037500000000000006 0.03125
2 0.5390625 0.56875 0.037500000000000006 0.034375
3 0.20078125000000002 0.553125 0.0171875 0.021875000000000002
2 0.45078125 0.7757812500000001 0.045312500000000006 0.0390625