3 0.5578125 0.66171875 0.03125 0.026562500000000003
4 0.44921875 0.6296875000000001 0.0484375 0.046875
4 0.41718750000000004 0.671875 0.043750000000000004 0.043750000000000004
4 0.33046875000000003 0.5710937500000001 0.0671875 0.045312500000000006
4 0.44843750000000004 0.9085937500000001 0.03125 0.0421875
2 0.45 0.8109375000000001 0.05 0.059375000000000004
2 0.48046875 0.49765625 0.035937500000000004 0.0203125
2 0.5320312500000001 0.46796875000000004 0.0421875 0.035937500000000004
2 0.44453125000000004 0.35546875 0.0328125 0.029687500000000002
2 0.27578125000000003 0.46640625 0.029687500000000002 0.029687500000000002
2 0.55625 0.578125 0.025 0.021875000000000002