3 0.55078125 0.2921875 0.0328125 0.025
2 0.4078125 0.0765625 0.05 0.078125
4 0.45078125 0.35078125000000004 0.0421875 0.045312500000000006
4 0.4078125 0.29921875000000003 0.034375 0.0484375
4 0.28984375 0.340625 0.0703125 0.05
2 0.4453125 0.47421875 0.05 0.026562500000000003
2 0.521875 0.375 0.015625 0.021875000000000002
2 0.24765625000000002 0.47734375 0.0328125 0.0328125
2 0.38359375 0.60546875 0.026562500000000003 0.0328125
2 0.48984375 0.50390625 0.029687500000000002 0.045312500000000006
3 0.4265625 0.8539062500000001 0.018750000000000003 0.0171875