3 0.38046875 0.36171875000000003 0.0328125 0.026562500000000003
2 0.47734375 0.1265625 0.0578125 0.08125
4 0.4859375 0.3984375 0.046875 0.05
4 0.51875 0.33984375 0.037500000000000006 0.0484375
4 0.640625 0.359375 0.07187500000000001 0.053125000000000006
2 0.515625 0.515625 0.05 0.03125
2 0.4234375 0.43515625 0.018750000000000003 0.0234375
2 0.70703125 0.48203125 0.035937500000000004 0.035937500000000004
2 0.6000000000000001 0.6296875000000001 0.028125 0.034375
2 0.47734375 0.553125 0.0328125 0.046875
3 0.6039062500000001 0.875 0.0203125 0.018750000000000003