3 0.62890625 0.20390625 0.0421875 0.0390625
4 0.5 0.15390625000000002 0.059375000000000004 0.0484375
4 0.50703125 0.2671875 0.0421875 0.053125000000000006
4 0.371875 0.18125000000000002 0.08125 0.065625
2 0.325 0.3296875 0.037500000000000006 0.040625
2 0.39453125 0.44375000000000003 0.0328125 0.037500000000000006
2 0.49921875000000004 0.33046875000000003 0.026562500000000003 0.051562500000000004
2 0.496875 0.38125000000000003 0.046875 0.025
2 0.57421875 0.24609375 0.026562500000000003 0.035937500000000004
3 0.63671875 0.353125 0.0203125 0.018750000000000003
3 0.359375 0.72265625 0.025 0.0203125