3 0.50625 0.665625 0.03125 0.03125
2 0.1921875 0.9328125 0.08750000000000001 0.046875
2 0.44296875 0.52578125 0.029687500000000002 0.045312500000000006
2 0.46484375 0.4859375 0.0484375 0.018750000000000003
2 0.353125 0.41953125 0.040625 0.0328125
2 0.234375 0.5390625 0.034375 0.03125
4 0.40625 0.56953125 0.043750000000000004 0.0421875
4 0.375 0.75 0.037500000000000006 0.040625
4 0.2546875 0.7273437500000001 0.07187500000000001 0.0421875
2 0.496875 0.609375 0.025 0.018750000000000003
3 0.37890625 0.14375000000000002 0.026562500000000003 0.018750000000000003