3 0.50703125 0.234375 0.0390625 0.034375
2 0.2078125 0.08984375 0.06875 0.07968750000000001
4 0.3828125 0.246875 0.053125000000000006 0.043750000000000004
4 0.434375 0.33437500000000003 0.037500000000000006 0.046875
4 0.28984375 0.321875 0.0734375 0.059375000000000004
2 0.31328125 0.46015625000000004 0.0328125 0.035937500000000004
2 0.41718750000000004 0.5242187500000001 0.03125 0.0328125
2 0.4546875 0.38984375000000004 0.025 0.0484375
2 0.4734375 0.43125 0.043750000000000004 0.025
2 0.47968750000000004 0.290625 0.025 0.03125
3 0.5734375 0.3515625 0.018750000000000003 0.018750000000000003
3 0.5015625 0.76171875 0.025 0.0203125