4 0.7734375 0.42812500000000003 0.025 0.025
4 0.9437500000000001 0.5625 0.025 0.025
4 0.7671875 0.765625 0.003125 0.00625
4 0.7585937500000001 0.74609375 0.0390625 0.045312500000000006
2 0.70234375 0.7890625 0.0421875 0.1
2 0.5390625 0.40625 0.028125 0.028125
3 0.68515625 0.43359375 0.0140625 0.0140625
2 0.66328125 0.5109375 0.0421875 0.018750000000000003
2 0.6125 0.5515625000000001 0.021875000000000002 0.021875000000000002
4 0.5875 0.5328125 0.040625 0.03125
4 0.90546875 0.98828125 0.0484375 0.0203125