4 0.43828125 0.36250000000000004 0.0703125 0.07500000000000001
4 0.07421875 0.40625 0.060937500000000006 0.05625
4 0.596875 0.40078125000000003 0.053125000000000006 0.0578125
4 0.8210937500000001 0.3328125 0.0921875 0.06875
3 0.70078125 0.6781250000000001 0.0546875 0.05
3 0.55234375 0.5703125 0.0421875 0.053125000000000006
3 0.5867187500000001 0.7000000000000001 0.0484375 0.05625
3 0.5484375 0.70078125 0.05625 0.0765625
3 0.40625 0.40156250000000004 0.043750000000000004 0.043750000000000004
3 0.5281250000000001 0.45625000000000004 0.043750000000000004 0.043750000000000004
3 0.35468750000000004 0.58984375 0.059375000000000004 0.051562500000000004
3 0.171875 0.65 0.046875 0.07500000000000001
3 0.25078125 0.6015625 0.035937500000000004 0.059375000000000004