4 0.37343750000000003 0.39140625 0.06875 0.06406250000000001
4 0.38359375 0.03359375 0.051562500000000004 0.0578125
4 0.42421875000000003 0.54140625 0.0546875 0.0484375
4 0.375 0.7664062500000001 0.059375000000000004 0.0859375
3 0.70078125 0.6195312500000001 0.045312500000000006 0.051562500000000004
3 0.5859375 0.484375 0.046875 0.037500000000000006
3 0.7140625 0.50703125 0.053125000000000006 0.0421875
3 0.7125 0.46796875000000004 0.07187500000000001 0.0484375
3 0.40937500000000004 0.35546875 0.040625 0.0390625
3 0.47109375000000003 0.4703125 0.0390625 0.040625
3 0.5867187500000001 0.28984375 0.045312500000000006 0.0546875
3 0.6296875000000001 0.1078125 0.07187500000000001 0.040625
3 0.58984375 0.18828125 0.0546875 0.029687500000000002