4 0.44765625000000003 0.7265625 0.06406250000000001 0.08125
4 0.45546875000000003 0.36250000000000004 0.07968750000000001 0.05
4 0.5085937500000001 0.45234375000000004 0.0421875 0.045312500000000006
3 0.65234375 0.33125000000000004 0.060937500000000006 0.03125
3 0.48671875000000003 0.27890625 0.0421875 0.0234375
3 0.56484375 0.40859375000000003 0.029687500000000002 0.0421875
3 0.6625000000000001 0.14453125 0.046875 0.051562500000000004
3 0.63046875 0.04609375 0.045312500000000006 0.0421875
3 0.78046875 0.33906250000000004 0.0671875 0.03125
3 0.7992187500000001 0.375 0.060937500000000006 0.03125
3 0.75 0.4765625 0.053125000000000006 0.05