4 0.57578125 0.24296875 0.0703125 0.0859375
4 0.5984375000000001 0.60859375 0.084375 0.0578125
4 0.5390625 0.52265625 0.046875 0.0484375
3 0.40468750000000003 0.6570312500000001 0.0625 0.035937500000000004
3 0.5750000000000001 0.69453125 0.043750000000000004 0.026562500000000003
3 0.48671875000000003 0.571875 0.0328125 0.043750000000000004
3 0.41015625 0.8453125 0.051562500000000004 0.05625
3 0.45234375000000004 0.94140625 0.0484375 0.0484375
3 0.278125 0.6609375000000001 0.06875 0.037500000000000006
3 0.2546875 0.6265625 0.0625 0.037500000000000006
3 0.29453125 0.52109375 0.0578125 0.0546875