3 0.41328125000000004 0.6015625 0.026562500000000003 0.059375000000000004
3 0.29375 0.7273437500000001 0.05 0.0421875
3 0.40390625 0.7585937500000001 0.0390625 0.0484375
3 0.43828125 0.7468750000000001 0.0421875 0.07500000000000001
3 0.6218750000000001 0.60078125 0.046875 0.0421875
3 0.7210937500000001 0.5859375 0.029687500000000002 0.05
3 0.80234375 0.6265625 0.0390625 0.0625
3 0.52734375 0.3921875 0.029687500000000002 0.043750000000000004
3 0.4140625 0.48281250000000003 0.037500000000000006 0.040625
4 0.11171875 0.403125 0.0890625 0.059375000000000004
4 0.48515625 0.35703125 0.060937500000000006 0.0703125
4 0.353125 0.44765625000000003 0.043750000000000004 0.0421875
4 0.8406250000000001 0.34765625 0.046875 0.045312500000000006