3 0.6023437500000001 0.45390625 0.0578125 0.026562500000000003
3 0.7296875 0.353125 0.040625 0.05
3 0.7484375000000001 0.45937500000000003 0.046875 0.037500000000000006
3 0.7351562500000001 0.48984375 0.0734375 0.0421875
3 0.584375 0.6484375 0.040625 0.046875
3 0.5632812500000001 0.73984375 0.0484375 0.029687500000000002
3 0.59375 0.81953125 0.059375000000000004 0.0390625
3 0.39765625000000004 0.5437500000000001 0.0421875 0.03125
3 0.49140625000000004 0.4453125 0.0390625 0.037500000000000006
4 0.4421875 0.15703125 0.059375000000000004 0.0859375
4 0.36796875 0.50234375 0.0671875 0.060937500000000006
4 0.4625 0.38593750000000004 0.043750000000000004 0.043750000000000004
4 0.3296875 0.8328125000000001 0.043750000000000004 0.046875