3 0.44843750000000004 0.55703125 0.025 0.0328125
3 0.43281250000000004 0.6687500000000001 0.037500000000000006 0.043750000000000004
3 0.40859375000000003 0.7171875000000001 0.035937500000000004 0.05625
3 0.34453125 0.70078125 0.045312500000000006 0.0421875
3 0.3921875 0.76953125 0.028125 0.060937500000000006
3 0.21328125 0.5375 0.026562500000000003 0.037500000000000006
3 0.153125 0.4734375 0.03125 0.040625
3 0.30703125000000003 0.421875 0.026562500000000003 0.037500000000000006
3 0.54921875 0.5703125 0.0203125 0.040625
4 0.4265625 0.51953125 0.043750000000000004 0.035937500000000004
4 0.49375 0.44375000000000003 0.06875 0.065625
4 0.0734375 0.29296875 0.043750000000000004 0.0421875
3 0.04609375 0.45078125 0.035937500000000004 0.026562500000000003
3 0.01171875 0.44062500000000004 0.0171875 0.037500000000000006
4 0.853125 0.6062500000000001 0.07500000000000001 0.07187500000000001