3 0.58984375 0.4390625 0.029687500000000002 0.021875000000000002
3 0.696875 0.43593750000000003 0.037500000000000006 0.03125
3 0.7453125 0.42031250000000003 0.05 0.03125
3 0.73828125 0.35781250000000003 0.035937500000000004 0.040625
3 0.7976562500000001 0.4109375 0.0578125 0.021875000000000002
3 0.5984375000000001 0.215625 0.034375 0.021875000000000002
3 0.5453125 0.15156250000000002 0.037500000000000006 0.028125
3 0.478125 0.290625 0.034375 0.021875000000000002
3 0.5906250000000001 0.5359375000000001 0.037500000000000006 0.015625
4 0.55625 0.4140625 0.03125 0.037500000000000006
4 0.47734375 0.46796875000000004 0.0578125 0.060937500000000006
4 0.384375 0.0546875 0.034375 0.037500000000000006
3 0.5359375000000001 0.04609375 0.021875000000000002 0.0328125
3 0.53125 0.010937500000000001 0.034375 0.018750000000000003
4 0.58984375 0.82734375 0.06406250000000001 0.0671875