3 0.05859375 0.38359375 0.0171875 0.0234375
3 0.041406250000000006 0.36171875000000003 0.0171875 0.026562500000000003
3 0.1703125 0.36953125000000003 0.018750000000000003 0.029687500000000002
3 0.18671875000000002 0.41328125000000004 0.0234375 0.026562500000000003
3 0.30546875 0.33671875 0.0140625 0.0234375
3 0.30703125000000003 0.5164062500000001 0.0328125 0.0328125
3 0.34218750000000003 0.5078125 0.018750000000000003 0.040625
3 0.36171875000000003 0.48515625 0.0328125 0.0234375
3 0.36484375 0.53359375 0.0328125 0.026562500000000003
3 0.41640625000000003 0.57265625 0.0203125 0.035937500000000004
3 0.38515625000000003 0.60078125 0.0328125 0.035937500000000004
3 0.584375 0.55625 0.018750000000000003 0.034375
3 0.51328125 0.38828125 0.0203125 0.0203125
4 0.3203125 0.41171875 0.034375 0.029687500000000002
4 0.4296875 0.3875 0.05625 0.05
4 0.13828125 0.18828125 0.026562500000000003 0.0171875
4 0.73359375 0.49765625 0.0734375 0.0484375