3 0.5007812500000001 0.6875 0.035937500000000004 0.07187500000000001
3 0.38671875 0.7375 0.051562500000000004 0.059375000000000004
3 0.4296875 0.7234375000000001 0.043750000000000004 0.040625
3 0.26875 0.64765625 0.037500000000000006 0.0578125
3 0.13125 0.6742187500000001 0.05625 0.0578125
3 0.053125000000000006 0.6390625000000001 0.046875 0.040625
3 0.2546875 0.4890625 0.025 0.043750000000000004
3 0.40078125000000003 0.5296875 0.0328125 0.040625
3 0.46796875000000004 0.6414062500000001 0.045312500000000006 0.0671875
4 0.37421875000000004 0.40625 0.051562500000000004 0.053125000000000006
4 0.39765625000000004 0.4703125 0.045312500000000006 0.053125000000000006
4 0.7421875 0.36484375 0.078125 0.0578125