4 0.7265625 0.4578125 0.07500000000000001 0.046875
4 0.29453125 0.4 0.0328125 0.034375
4 0.40625 0.36796875 0.053125000000000006 0.045312500000000006
4 0.09531250000000001 0.17500000000000002 0.025 0.018750000000000003
3 0.27421875 0.33515625000000004 0.010937500000000001 0.026562500000000003
3 0.0171875 0.3796875 0.015625 0.028125
3 0.0015625 0.35625 0.003125 0.028125
3 0.13203125000000002 0.37578125 0.0171875 0.026562500000000003
3 0.1609375 0.42031250000000003 0.021875000000000002 0.021875000000000002
3 0.2921875 0.5 0.034375 0.037500000000000006
3 0.3328125 0.4921875 0.018750000000000003 0.040625
3 0.35000000000000003 0.4703125 0.03125 0.018750000000000003
3 0.35781250000000003 0.5007812500000001 0.03125 0.029687500000000002
3 0.3796875 0.5796875 0.03125 0.034375
3 0.41328125000000004 0.540625 0.0171875 0.037500000000000006
3 0.58359375 0.509375 0.0171875 0.046875
3 0.49296875 0.36250000000000004 0.0203125 0.015625