4 0.4375 0.29375 0.046875 0.07187500000000001
4 0.42031250000000003 0.6921875000000001 0.034375 0.034375
4 0.3828125 0.5921875 0.043750000000000004 0.05
4 0.23046875 0.8921875 0.0203125 0.025
3 0.36328125 0.7156250000000001 0.026562500000000003 0.0125
3 0.42421875000000003 0.9453125 0.026562500000000003 0.015625
3 0.40625 0.96796875 0.028125 0.0171875
3 0.41171875 0.8421875000000001 0.026562500000000003 0.018750000000000003
3 0.44843750000000004 0.8125 0.021875000000000002 0.021875000000000002
3 0.5125000000000001 0.6859375000000001 0.037500000000000006 0.034375
3 0.5007812500000001 0.6492187500000001 0.0390625 0.0203125
3 0.48046875 0.6351562500000001 0.0203125 0.029687500000000002
3 0.5078125 0.6273437500000001 0.03125 0.0328125
3 0.5765625 0.6000000000000001 0.034375 0.03125
3 0.53828125 0.571875 0.035937500000000004 0.018750000000000003
3 0.49765625 0.41953125 0.045312500000000006 0.0203125
3 0.37109375 0.51484375 0.0171875 0.0203125