3 0.96796875 0.4734375 0.0203125 0.025
3 0.9890625000000001 0.4546875 0.018750000000000003 0.028125
3 0.86328125 0.4296875 0.0234375 0.03125
3 0.83515625 0.46640625 0.026562500000000003 0.029687500000000002
3 0.74140625 0.36250000000000004 0.0171875 0.025
3 0.6937500000000001 0.5359375000000001 0.037500000000000006 0.037500000000000006
3 0.6609375000000001 0.51953125 0.025 0.0421875
3 0.65 0.49062500000000003 0.034375 0.028125
3 0.6335937500000001 0.5375 0.035937500000000004 0.03125
3 0.5734375 0.5625 0.025 0.037500000000000006
3 0.5953125 0.5984375000000001 0.037500000000000006 0.040625
3 0.41484375 0.50234375 0.0234375 0.035937500000000004
3 0.5281250000000001 0.35781250000000003 0.021875000000000002 0.021875000000000002
4 0.7078125000000001 0.43125 0.037500000000000006 0.034375
4 0.60859375 0.3796875 0.060937500000000006 0.05625
4 0.940625 0.26328125 0.028125 0.0203125
4 0.28671875 0.4078125 0.07968750000000001 0.059375000000000004