3 0.6609375000000001 0.31875000000000003 0.015625 0.0125
3 0.6390625000000001 0.31562500000000004 0.018750000000000003 0.0125
3 0.61640625 0.38984375000000004 0.0234375 0.0140625
3 0.5546875 0.40468750000000003 0.021875000000000002 0.018750000000000003
3 0.609375 0.521875 0.021875000000000002 0.0125
3 0.634375 0.49062500000000003 0.015625 0.015625
4 0.546875 0.51953125 0.028125 0.029687500000000002
3 0.46406250000000004 0.54609375 0.028125 0.0203125
3 0.47500000000000003 0.5046875000000001 0.03125 0.015625
3 0.4609375 0.48671875000000003 0.034375 0.0171875
3 0.41953125 0.5484375 0.035937500000000004 0.018750000000000003
3 0.359375 0.5421875 0.021875000000000002 0.018750000000000003
3 0.33125000000000004 0.58359375 0.040625 0.0234375
4 0.55 0.6390625000000001 0.03125 0.034375
3 0.5515625000000001 0.7375 0.018750000000000003 0.0125
3 0.340625 0.7757812500000001 0.040625 0.0234375
4 0.35000000000000003 0.9656250000000001 0.059375000000000004 0.065625
4 0.15937500000000002 0.60703125 0.053125000000000006 0.0484375