3 0.51328125 0.3984375 0.0328125 0.018750000000000003
3 0.584375 0.5890625 0.034375 0.03125
3 0.5632812500000001 0.60703125 0.029687500000000002 0.0203125
3 0.51328125 0.61875 0.0328125 0.03125
3 0.48671875000000003 0.6273437500000001 0.029687500000000002 0.0203125
3 0.50234375 0.6453125000000001 0.035937500000000004 0.018750000000000003
3 0.37343750000000003 0.46328125000000003 0.0125 0.0203125
4 0.4859375 0.26015625000000003 0.034375 0.0734375
4 0.15546875000000002 0.84296875 0.0171875 0.0234375
4 0.39453125 0.6335937500000001 0.0390625 0.035937500000000004
4 0.38203125000000004 0.546875 0.0328125 0.037500000000000006
3 0.34453125 0.66328125 0.0234375 0.0171875
3 0.35859375000000004 0.81015625 0.026562500000000003 0.0171875
3 0.41328125000000004 0.7898437500000001 0.0203125 0.0234375
3 0.33671875 0.91796875 0.026562500000000003 0.0171875
3 0.3140625 0.92890625 0.025 0.0203125
3 0.50390625 0.6687500000000001 0.029687500000000002 0.018750000000000003