3 0.6781250000000001 0.3046875 0.0125 0.015625
3 0.68125 0.32578125 0.0125 0.0203125
3 0.60546875 0.34921875 0.0140625 0.0234375
3 0.5921875 0.41250000000000003 0.018750000000000003 0.021875000000000002
3 0.4703125 0.35781250000000003 0.0125 0.021875000000000002
3 0.503125 0.33125000000000004 0.015625 0.015625
4 0.4734375 0.42109375000000004 0.03125 0.029687500000000002
3 0.44609375 0.5046875000000001 0.0203125 0.028125
3 0.4890625 0.49453125000000003 0.015625 0.0328125
3 0.50703125 0.5078125 0.0171875 0.034375
3 0.44453125000000004 0.55 0.0203125 0.037500000000000006
3 0.45 0.6125 0.018750000000000003 0.021875000000000002
3 0.40859375000000003 0.6390625000000001 0.0234375 0.040625
4 0.3515625 0.41718750000000004 0.034375 0.03125
3 0.253125 0.415625 0.0125 0.018750000000000003
3 0.21250000000000002 0.6296875000000001 0.025 0.040625
4 0.026562500000000003 0.6203125 0.053125000000000006 0.059375000000000004
4 0.384375 0.8148437500000001 0.05 0.0546875