4 0.534375 0.3453125 0.037500000000000006 0.037500000000000006
4 0.6109375 0.36953125000000003 0.03125 0.029687500000000002
3 0.584375 0.44609375 0.028125 0.0328125
3 0.609375 0.42734375 0.018750000000000003 0.0390625
3 0.63046875 0.42890625000000004 0.026562500000000003 0.035937500000000004
3 0.5984375000000001 0.41796875 0.021875000000000002 0.026562500000000003
3 0.63984375 0.29531250000000003 0.0171875 0.025
3 0.45625000000000004 0.33984375 0.018750000000000003 0.0171875
3 0.5554687500000001 0.55390625 0.029687500000000002 0.029687500000000002
3 0.5671875000000001 0.5242187500000001 0.018750000000000003 0.0328125
3 0.753125 0.37812500000000004 0.021875000000000002 0.021875000000000002
3 0.77265625 0.30859375 0.0171875 0.0328125
3 0.8757812500000001 0.30703125000000003 0.0171875 0.026562500000000003
3 0.88828125 0.2890625 0.0203125 0.021875000000000002
4 0.81171875 0.15390625000000002 0.0234375 0.0140625
4 0.2578125 0.44609375 0.07500000000000001 0.0484375
3 0.3875 0.48750000000000004 0.021875000000000002 0.037500000000000006