3 0.36484375 0.34296875000000004 0.0171875 0.0140625
3 0.38515625000000003 0.34218750000000003 0.0203125 0.0125
3 0.39921875 0.41484375 0.0234375 0.0140625
3 0.45703125 0.43281250000000004 0.0203125 0.018750000000000003
3 0.39296875000000003 0.53828125 0.0234375 0.0140625
3 0.37265625 0.50703125 0.0171875 0.0171875
4 0.45156250000000003 0.5421875 0.03125 0.03125
3 0.5281250000000001 0.5765625 0.028125 0.021875000000000002
3 0.52109375 0.53515625 0.0328125 0.0171875
3 0.53515625 0.5203125000000001 0.0328125 0.018750000000000003
3 0.56796875 0.5828125000000001 0.035937500000000004 0.021875000000000002
3 0.6265625 0.5828125000000001 0.021875000000000002 0.018750000000000003
3 0.64765625 0.6234375000000001 0.0390625 0.025
4 0.4375 0.65546875 0.03125 0.035937500000000004
3 0.42578125 0.7453125 0.0203125 0.0125
3 0.6195312500000001 0.8031250000000001 0.0390625 0.025
4 0.59140625 0.97265625 0.060937500000000006 0.051562500000000004
4 0.8070312500000001 0.66328125 0.0546875 0.051562500000000004