4 0.34921875 0.5296875 0.035937500000000004 0.034375
4 0.37343750000000003 0.6062500000000001 0.028125 0.03125
3 0.45 0.5796875 0.03125 0.028125
3 0.43125 0.6023437500000001 0.037500000000000006 0.0171875
3 0.43359375 0.62421875 0.035937500000000004 0.026562500000000003
3 0.42265625 0.5921875 0.026562500000000003 0.021875000000000002
3 0.30078125 0.63671875 0.0234375 0.0171875
3 0.34140625 0.453125 0.0171875 0.018750000000000003
3 0.5554687500000001 0.54921875 0.029687500000000002 0.029687500000000002
3 0.52578125 0.5609375 0.0328125 0.018750000000000003
3 0.384375 0.7453125 0.021875000000000002 0.021875000000000002
3 0.3171875 0.765625 0.03125 0.015625
3 0.31640625 0.8679687500000001 0.026562500000000003 0.0171875
3 0.2984375 0.8812500000000001 0.021875000000000002 0.018750000000000003
4 0.16328125000000002 0.80859375 0.0140625 0.0203125
4 0.44375000000000003 0.25625000000000003 0.046875 0.07187500000000001
3 0.4859375 0.38359375 0.037500000000000006 0.0203125