4 0.37734375000000003 0.52890625 0.045312500000000006 0.0421875
4 0.38671875 0.4453125 0.035937500000000004 0.037500000000000006
3 0.47187500000000004 0.45703125 0.037500000000000006 0.035937500000000004
3 0.44843750000000004 0.43515625 0.043750000000000004 0.026562500000000003
3 0.44453125000000004 0.41250000000000003 0.0421875 0.034375
3 0.43984375000000003 0.44843750000000004 0.0328125 0.028125
3 0.3046875 0.4296875 0.028125 0.021875000000000002
3 0.38671875 0.609375 0.0203125 0.021875000000000002
3 0.5890625 0.46406250000000004 0.037500000000000006 0.037500000000000006
3 0.5546875 0.45859375 0.037500000000000006 0.026562500000000003
3 0.36796875 0.29765625 0.026562500000000003 0.026562500000000003
3 0.29296875 0.29296875 0.035937500000000004 0.0234375
3 0.27109375 0.18671875000000002 0.029687500000000002 0.0234375
3 0.24921875000000002 0.17578125 0.026562500000000003 0.0234375
4 0.12578125 0.28125 0.0171875 0.025
4 0.53671875 0.7921875 0.06406250000000001 0.084375
3 0.5515625000000001 0.65 0.040625 0.028125