4 0.57421875 0.034375 0.051562500000000004 0.065625
4 0.39765625000000004 0.340625 0.0390625 0.03125
4 0.39687500000000003 0.4625 0.028125 0.028125
4 0.76171875 0.38046875 0.045312500000000006 0.0484375
4 0.16718750000000002 0.5890625 0.009375000000000001 0.015625
3 0.2859375 0.6484375 0.018750000000000003 0.0125
3 0.31093750000000003 0.6515625 0.015625 0.009375000000000001
3 0.32343750000000004 0.58125 0.021875000000000002 0.0125
3 0.38906250000000003 0.56953125 0.021875000000000002 0.0171875
3 0.33125000000000004 0.4578125 0.015625 0.0125
3 0.4765625 0.47187500000000004 0.025 0.0125
3 0.48515625 0.48750000000000004 0.026562500000000003 0.015625
3 0.484375 0.4265625 0.025 0.015625
3 0.5203125000000001 0.421875 0.034375 0.015625
3 0.6101562500000001 0.38593750000000004 0.0390625 0.021875000000000002
3 0.58125 0.4296875 0.025 0.018750000000000003
3 0.37812500000000004 0.246875 0.018750000000000003 0.009375000000000001
3 0.5734375 0.2078125 0.037500000000000006 0.025