4 0.39687500000000003 0.359375 0.05 0.043750000000000004
4 0.45703125 0.26640625 0.051562500000000004 0.06406250000000001
3 0.34609375000000003 0.35078125000000004 0.0171875 0.0234375
3 0.434375 0.50703125 0.03125 0.029687500000000002
3 0.39609375 0.59140625 0.029687500000000002 0.026562500000000003
3 0.30703125000000003 0.5750000000000001 0.0234375 0.025
3 0.3640625 0.65234375 0.025 0.029687500000000002
3 0.3515625 0.665625 0.028125 0.021875000000000002
3 0.26796875000000003 0.78828125 0.026562500000000003 0.026562500000000003
3 0.30546875 0.7937500000000001 0.0234375 0.028125
3 0.28984375 0.60078125 0.0171875 0.0234375
4 0.27187500000000003 0.7195312500000001 0.03125 0.0328125
3 0.34296875000000004 0.6515625 0.0171875 0.018750000000000003
3 0.26015625000000003 0.42890625000000004 0.0140625 0.0140625