4 0.6078125000000001 0.9632812500000001 0.059375000000000004 0.060937500000000006
4 0.3921875 0.66171875 0.043750000000000004 0.035937500000000004
4 0.38046875 0.53125 0.0328125 0.03125
4 0.7734375 0.584375 0.05 0.05625
4 0.125 0.41796875 0.0125 0.0171875
3 0.24531250000000002 0.34453125 0.021875000000000002 0.0140625
3 0.27187500000000003 0.33984375 0.018750000000000003 0.010937500000000001
3 0.29296875 0.41328125000000004 0.0234375 0.0140625
3 0.36250000000000004 0.42031250000000003 0.025 0.021875000000000002
3 0.31093750000000003 0.54296875 0.018750000000000003 0.0140625
3 0.46406250000000004 0.5140625 0.028125 0.015625
3 0.47109375000000003 0.496875 0.029687500000000002 0.018750000000000003
3 0.4765625 0.5632812500000001 0.028125 0.0203125
3 0.51328125 0.5632812500000001 0.0390625 0.0203125
3 0.6117187500000001 0.59375 0.0421875 0.028125
3 0.578125 0.54921875 0.028125 0.0234375
3 0.3796875 0.7609375 0.021875000000000002 0.0125
3 0.58984375 0.78515625 0.0421875 0.0328125