3 0.40390625 0.32734375000000004 0.0203125 0.026562500000000003
3 0.3921875 0.31171875000000004 0.028125 0.0171875
3 0.3796875 0.32343750000000004 0.018750000000000003 0.018750000000000003
3 0.31796875 0.36953125000000003 0.0140625 0.0234375
3 0.32421875 0.39765625000000004 0.0171875 0.0234375
3 0.41796875 0.39609375 0.026562500000000003 0.026562500000000003
3 0.328125 0.17343750000000002 0.021875000000000002 0.025
3 0.36484375 0.17578125 0.0140625 0.026562500000000003
4 0.0546875 0.07500000000000001 0.009375000000000001 0.015625
4 0.31875000000000003 0.2421875 0.021875000000000002 0.03125
3 0.3453125 0.30390625000000004 0.015625 0.0203125
4 0.37734375000000003 0.6312500000000001 0.045312500000000006 0.037500000000000006
4 0.421875 0.7351562500000001 0.03125 0.060937500000000006
3 0.2546875 0.5359375000000001 0.015625 0.009375000000000001
3 0.32343750000000004 0.6328125 0.0125 0.021875000000000002