3 0.3140625 0.42421875000000003 0.03125 0.0234375
3 0.29609375 0.41640625000000003 0.0203125 0.029687500000000002
3 0.3046875 0.4 0.021875000000000002 0.021875000000000002
3 0.33828125000000003 0.32890625 0.026562500000000003 0.0171875
3 0.36796875 0.32890625 0.026562500000000003 0.0203125
3 0.38515625000000003 0.42421875000000003 0.029687500000000002 0.029687500000000002
3 0.14375000000000002 0.38046875 0.028125 0.026562500000000003
3 0.15546875000000002 0.41796875 0.029687500000000002 0.0171875
4 0.21250000000000002 0.35703125 0.034375 0.026562500000000003
3 0.27890625 0.37109375 0.0234375 0.0203125
4 0.6125 0.3328125 0.043750000000000004 0.05
4 0.72578125 0.35546875 0.0671875 0.0421875
3 0.4921875 0.23203125000000002 0.0125 0.0171875
3 0.6023437500000001 0.27968750000000003 0.0234375 0.015625