3 0.55390625 0.58515625 0.0328125 0.029687500000000002
3 0.50546875 0.4921875 0.026562500000000003 0.03125
3 0.671875 0.5734375 0.025 0.018750000000000003
3 0.68515625 0.59296875 0.0234375 0.0171875
3 0.6578125 0.6390625000000001 0.018750000000000003 0.025
3 0.61328125 0.6484375 0.0234375 0.025
3 0.584375 0.659375 0.025 0.03125
3 0.6046875 0.6703125000000001 0.034375 0.025
3 0.6421875 0.65 0.034375 0.03125
3 0.6671875 0.81015625 0.025 0.029687500000000002
3 0.6890625 0.80390625 0.021875000000000002 0.029687500000000002
4 0.9921875 0.8460937500000001 0.0125 0.0203125
4 0.6937500000000001 0.71484375 0.015625 0.0203125
3 0.72265625 0.40468750000000003 0.0171875 0.0125
3 0.6390625000000001 0.3296875 0.025 0.028125
4 0.5632812500000001 0.3328125 0.051562500000000004 0.046875
4 0.48125 0.23671875 0.053125000000000006 0.0703125