3 0.49531250000000004 0.5984375000000001 0.03125 0.028125
3 0.48671875000000003 0.49531250000000004 0.0234375 0.028125
3 0.60703125 0.63203125 0.0234375 0.0171875
3 0.61328125 0.6531250000000001 0.0234375 0.015625
3 0.5710937500000001 0.68515625 0.0171875 0.0234375
3 0.5265625 0.67890625 0.021875000000000002 0.0234375
3 0.496875 0.67734375 0.021875000000000002 0.029687500000000002
3 0.5109375 0.69453125 0.034375 0.0234375
3 0.553125 0.6898437500000001 0.03125 0.029687500000000002
3 0.5171875 0.8453125 0.021875000000000002 0.028125
3 0.5375 0.846875 0.018750000000000003 0.028125
4 0.8 0.99375 0.015625 0.009375000000000001
4 0.57421875 0.76875 0.0140625 0.018750000000000003
3 0.71640625 0.49609375 0.0171875 0.010937500000000001
3 0.6687500000000001 0.39609375 0.021875000000000002 0.026562500000000003
4 0.59765625 0.371875 0.0484375 0.043750000000000004
4 0.5593750000000001 0.25390625 0.05 0.0671875