3 0.38046875 0.33906250000000004 0.0203125 0.028125
3 0.37031250000000004 0.32109375 0.028125 0.0171875
3 0.35703125 0.33203125 0.0203125 0.0203125
3 0.28828125 0.37812500000000004 0.0140625 0.025
3 0.29375 0.40937500000000004 0.018750000000000003 0.025
3 0.39375000000000004 0.4109375 0.025 0.025
3 0.30625 0.171875 0.021875000000000002 0.025
3 0.34687500000000004 0.1765625 0.0125 0.028125
4 0.02109375 0.059375000000000004 0.010937500000000001 0.018750000000000003
4 0.29375 0.24531250000000002 0.021875000000000002 0.03125
3 0.3203125 0.31093750000000003 0.018750000000000003 0.021875000000000002
4 0.34218750000000003 0.6578125 0.046875 0.037500000000000006
4 0.38593750000000004 0.76953125 0.03125 0.06406250000000001
3 0.2171875 0.55234375 0.015625 0.010937500000000001
3 0.28515625 0.6578125 0.0140625 0.021875000000000002