3 0.051562500000000004 0.60703125 0.015625 0.0078125
3 0.325 0.6101562500000001 0.03125 0.035937500000000004
3 0.34218750000000003 0.6429687500000001 0.03125 0.0328125
3 0.26015625000000003 0.32734375000000004 0.0203125 0.0234375
3 0.30078125 0.2890625 0.0328125 0.021875000000000002
3 0.33828125000000003 0.34609375000000003 0.029687500000000002 0.0171875
3 0.40390625 0.35625 0.0328125 0.021875000000000002
3 0.3921875 0.38046875 0.037500000000000006 0.0328125
3 0.36875 0.3953125 0.037500000000000006 0.021875000000000002
3 0.33984375 0.44296875 0.0203125 0.0171875
3 0.23515625 0.24609375 0.026562500000000003 0.026562500000000003
3 0.234375 0.21875 0.021875000000000002 0.025
4 0.23750000000000002 0.27187500000000003 0.028125 0.034375
4 0.33828125000000003 0.74609375 0.045312500000000006 0.051562500000000004
4 0.28671875 0.8203125 0.0421875 0.05
3 0.19296875000000002 0.73984375 0.0140625 0.0171875