3 0.9500000000000001 0.38593750000000004 0.015625 0.009375000000000001
3 0.6609375000000001 0.37734375000000003 0.03125 0.035937500000000004
3 0.6421875 0.340625 0.034375 0.034375
3 0.7250000000000001 0.67890625 0.021875000000000002 0.026562500000000003
3 0.68125 0.71875 0.034375 0.021875000000000002
3 0.6414062500000001 0.65625 0.029687500000000002 0.018750000000000003
3 0.57265625 0.6453125000000001 0.035937500000000004 0.021875000000000002
3 0.584375 0.61875 0.040625 0.034375
3 0.6101562500000001 0.603125 0.0390625 0.025
3 0.6421875 0.55234375 0.021875000000000002 0.0171875
3 0.75 0.7664062500000001 0.028125 0.029687500000000002
3 0.7507812500000001 0.79453125 0.0234375 0.026562500000000003
4 0.7468750000000001 0.7375 0.028125 0.034375
4 0.65 0.2328125 0.046875 0.053125000000000006
4 0.7054687500000001 0.1546875 0.045312500000000006 0.053125000000000006
3 0.8046875 0.240625 0.015625 0.018750000000000003