3 0.035937500000000004 0.42578125 0.0125 0.0078125
3 0.18515625000000002 0.284375 0.0171875 0.015625
3 0.36328125 0.39375000000000004 0.035937500000000004 0.03125
3 0.33437500000000003 0.42890625000000004 0.028125 0.035937500000000004
3 0.23046875 0.828125 0.0171875 0.028125
3 0.23203125000000002 0.80078125 0.029687500000000002 0.029687500000000002
3 0.31328125 0.7781250000000001 0.029687500000000002 0.028125
3 0.36953125000000003 0.7156250000000001 0.0328125 0.018750000000000003
3 0.26015625000000003 0.7296875 0.029687500000000002 0.028125
3 0.41796875 0.6671875 0.045312500000000006 0.028125
3 0.453125 0.6859375000000001 0.037500000000000006 0.037500000000000006
4 0.2328125 0.77265625 0.03125 0.0390625
3 0.37578125 0.603125 0.026562500000000003 0.0125
3 0.45703125 0.7132812500000001 0.029687500000000002 0.0171875
4 0.35000000000000003 0.28359375000000003 0.046875 0.0484375
4 0.27890625 0.2078125 0.0484375 0.05