3 0.4703125 0.9640625 0.021875000000000002 0.025
3 0.4375 0.97265625 0.025 0.0171875
4 0.4265625 0.890625 0.018750000000000003 0.040625
3 0.540625 0.80625 0.028125 0.025
3 0.5265625 0.7742187500000001 0.025 0.029687500000000002
3 0.5390625 0.7093750000000001 0.037500000000000006 0.018750000000000003
3 0.63671875 0.690625 0.035937500000000004 0.021875000000000002
3 0.5140625 0.5875 0.021875000000000002 0.03125
3 0.49453125000000003 0.5906250000000001 0.0234375 0.028125
3 0.34687500000000004 0.5281250000000001 0.015625 0.015625
4 0.5554687500000001 0.3515625 0.0421875 0.046875
4 0.56953125 0.2234375 0.0421875 0.065625
3 0.43125 0.33906250000000004 0.018750000000000003 0.021875000000000002