3 0.0921875 0.33515625000000004 0.025 0.0234375
3 0.09140625000000001 0.30546875 0.0203125 0.026562500000000003
4 0.1640625 0.31093750000000003 0.040625 0.025
3 0.21875 0.42890625000000004 0.028125 0.029687500000000002
3 0.25 0.42109375000000004 0.03125 0.026562500000000003
3 0.30625 0.4453125 0.025 0.037500000000000006
3 0.30546875 0.53515625 0.026562500000000003 0.035937500000000004
3 0.41875 0.44765625000000003 0.03125 0.026562500000000003
3 0.41875 0.42890625000000004 0.03125 0.026562500000000003
3 0.5046875000000001 0.309375 0.018750000000000003 0.018750000000000003
4 0.6203125 0.52734375 0.05 0.045312500000000006
4 0.7312500000000001 0.5640625 0.065625 0.05
3 0.6546875000000001 0.41953125 0.021875000000000002 0.0203125