3 0.5593750000000001 0.03359375 0.009375000000000001 0.0140625
3 0.3875 0.12734375 0.015625 0.0171875
3 0.434375 0.321875 0.034375 0.037500000000000006
3 0.47421875 0.3046875 0.035937500000000004 0.03125
3 0.8671875 0.32734375000000004 0.028125 0.0203125
3 0.84140625 0.321875 0.029687500000000002 0.03125
3 0.7976562500000001 0.38828125 0.026562500000000003 0.029687500000000002
3 0.72421875 0.421875 0.0203125 0.034375
3 0.76953125 0.32578125 0.029687500000000002 0.0328125
3 0.6648437500000001 0.45156250000000003 0.029687500000000002 0.043750000000000004
3 0.671875 0.48828125 0.037500000000000006 0.0390625
4 0.8148437500000001 0.3140625 0.0390625 0.034375
3 0.6195312500000001 0.3953125 0.0140625 0.025
3 0.6960937500000001 0.5007812500000001 0.0203125 0.029687500000000002
4 0.33828125000000003 0.27734375 0.051562500000000004 0.051562500000000004
4 0.290625 0.18906250000000002 0.053125000000000006 0.05