3 0.96875 0.49765625 0.0125 0.0078125
3 0.84765625 0.33125000000000004 0.0171875 0.015625
3 0.6515625 0.40468750000000003 0.037500000000000006 0.03125
3 0.675 0.44375000000000003 0.028125 0.037500000000000006
3 0.7000000000000001 0.8546875 0.018750000000000003 0.028125
3 0.703125 0.8289062500000001 0.03125 0.029687500000000002
3 0.628125 0.790625 0.03125 0.028125
3 0.58359375 0.71875 0.0328125 0.018750000000000003
3 0.6890625 0.753125 0.03125 0.028125
3 0.5453125 0.66015625 0.046875 0.029687500000000002
3 0.509375 0.6734375 0.037500000000000006 0.037500000000000006
4 0.7078125000000001 0.8 0.03125 0.040625
3 0.59921875 0.60703125 0.026562500000000003 0.0140625
3 0.49765625 0.70078125 0.029687500000000002 0.0171875
4 0.68515625 0.2984375 0.0484375 0.05
4 0.77109375 0.23828125 0.0484375 0.051562500000000004