3 0.23515625 0.246875 0.0390625 0.028125
3 0.23593750000000002 0.31015625 0.037500000000000006 0.045312500000000006
3 0.23750000000000002 0.34921875 0.040625 0.045312500000000006
3 0.35000000000000003 0.2921875 0.025 0.025
3 0.1421875 0.1796875 0.025 0.028125
3 0.17421875 0.1703125 0.0234375 0.021875000000000002
3 0.12265625000000001 0.1203125 0.0234375 0.034375
3 0.09921875000000001 0.1234375 0.0234375 0.034375
4 0.16484375 0.1125 0.0421875 0.034375
3 0.7046875 0.09375 0.018750000000000003 0.018750000000000003
4 0.80625 0.18984375 0.059375000000000004 0.060937500000000006
4 0.73203125 0.30078125 0.0703125 0.06406250000000001
3 0.5859375 0.28203125 0.043750000000000004 0.0328125
3 0.5859375 0.32656250000000003 0.040625 0.028125