3 0.15625 0.7043269230769231 0.13461538461538464 0.08173076923076923
3 0.3028846153846154 0.6682692307692308 0.09615384615384616 0.07211538461538462
3 0.46995192307692313 0.6778846153846154 0.06490384615384616 0.07692307692307693
3 0.6682692307692308 0.6646634615384616 0.125 0.0889423076923077
3 0.765625 0.7043269230769231 0.09855769230769232 0.07692307692307693
3 0.7920673076923077 0.7632211538461539 0.0889423076923077 0.09375
3 0.890625 0.8064903846153847 0.15625 0.07451923076923077
3 0.8149038461538461 0.8461538461538463 0.11057692307692309 0.09615384615384616
3 0.6730769230769231 0.7704326923076924 0.16346153846153846 0.07932692307692309
3 0.655048076923077 0.8762019230769231 0.12259615384615385 0.11298076923076923
3 0.5540865384615385 0.828125 0.0889423076923077 0.10817307692307693
3 0.46995192307692313 0.7596153846153847 0.10336538461538462 0.10096153846153846
3 0.33052884615384615 0.8329326923076924 0.1466346153846154 0.10336538461538462
3 0.16586538461538464 0.8521634615384616 0.17307692307692307 0.10817307692307693